(759,739,1023,759)
(759,739,1024,759)
(759,739,1205,759)
(759,739,1212,759)
(759,739,1324,759)
(759,739,1343,759)
(759,739,1360,759)
(759,739,1716,759)
(759,5819,1360,759)
(759,5819,2518,759)
(759,5819,5692,759)
(759,5819,14,759)
(4959,3901,4652,4959)
(4959,3901,534,4959)
(4959,5340,4652,4959)
(4959,5955,4652,4959)
(4959,4241,4668,4959)
(4959,6302,4652,4959)
(4959,6302,534,4959)
(4959,6892,534,4959)
(4959,9906,4652,4959)
(4959,9906,4703,4959)
(4959,4668,3901,4959)
(4959,4668,7439,4959)
(4959,4668,4442,4959)
(4959,4668,3936,4959)
(4959,4668,5329,4959)
(4959,7279,4652,4959)
(4959,7279,534,4959)
(4959,4823,4652,4959)
(4959,6060,4652,4959)
(4959,3936,4652,4959)
(4959,3936,4668,4959)
(4959,3936,534,4959)
(4959,2215,4652,4959)
(4959,2215,534,4959)
(4959,4440,4652,4959)
(4959,4440,534,4959)
(4959,3963,4652,4959)
(4959,3963,534,4959)
(4959,6001,534,4959)
(4959,9948,4652,4959)
(4959,9948,4703,4959)
(4959,5329,4652,4959)
(4959,5329,4668,4959)
(4959,5329,534,4959)
(4959,8034,4703,4959)
(4959,8033,4652,4959)
(4959,4703,2518,4959)
(4959,4703,6302,4959)
(4959,4703,14,4959)
(4959,4703,9451,4959)
(4959,4703,443,4959)
(4959,4703,8033,4959)
(4959,4703,9906,4959)
(4959,4703,4652,4959)
(4959,4703,2977,4959)
(4959,534,7279,4959)
(4959,534,9229,4959)
(4959,534,2629,4959)
(4959,534,4442,4959)
(4959,534,4215,4959)
(4959,534,3936,4959)
(4959,534,4440,4959)
(4959,534,4652,4959)
(4959,534,2518,4959)
(4959,534,3901,4959)
(4959,534,3963,4959)
(4959,534,6302,4959)
(4959,534,5820,4959)
(4959,534,7115,4959)
(4959,534,5329,4959)
(4959,534,517,4959)
(4959,534,443,4959)
(4959,534,9350,4959)
(4959,534,2977,4959)
(4959,4652,6390,4959)
(4959,4652,9229,4959)
(4959,4652,4666,4959)
(4959,4652,9906,4959)
(4959,4652,5329,4959)
(4959,4652,4440,4959)
(4959,4652,534,4959)
(4959,4652,4834,4959)
(4959,4652,5,4959)
(4959,4652,3901,4959)
(4959,4652,6302,4959)
(4959,4652,3936,4959)
(4959,4652,4442,4959)
(4959,4652,3963,4959)
(4959,4652,8033,4959)
(4959,4652,4703,4959)
(4959,443,4703,4959)
(4959,443,534,4959)
(4959,4834,4652,4959)
(4959,5,4652,4959)
(4959,564,534,4959)
(4959,2303,534,4959)
(4959,2597,534,4959)
(4959,2518,4703,4959)
(4959,2518,534,4959)
(4959,2562,534,4959)
(4959,6768,4703,4959)
(4959,14,4703,4959)
(4959,2541,4703,4959)
(4959,9063,534,4959)
(4959,9350,534,4959)
(4959,3189,4703,4959)
(4959,3189,534,4959)
(4959,7496,4652,4959)
(4959,7496,9906,4959)
(4959,7496,4834,4959)
(4959,4832,534,4959)
(4959,6421,4652,4959)
(4959,3682,3936,4959)
(4959,3682,4442,4959)
(4959,3682,7115,4959)
(4959,3682,4652,4959)
(4959,3682,517,4959)
(4959,3682,4215,4959)
(4959,3682,4440,4959)
(4959,3682,4992,4959)
(4959,3682,5329,4959)
(4959,3682,6302,4959)
(4959,3682,9451,4959)
(4959,3682,2518,4959)
(4959,3682,5811,4959)
(4959,3682,5820,4959)
(4959,3682,6738,4959)
(4959,3682,6390,4959)
(4959,3682,6832,4959)
(4959,3682,8033,4959)
(4959,3682,8727,4959)
(4959,3682,3963,4959)
(4959,3682,9063,4959)
(4959,3682,9229,4959)
(4959,3682,9350,4959)
(4959,3682,9453,4959)
(4959,3682,9906,4959)
(4959,3682,7042,4959)
(4959,9229,4652,4959)
(4959,7598,4668,4959)
(4959,7598,534,4959)
(4959,4015,4668,4959)
(4959,2977,4703,4959)
(4959,2977,534,4959)
(4959,6469,4703,4959)
(5146,8373,3718,5146)
(5146,4992,3718,5146)
(5146,6407,4703,5146)
(5146,6407,8079,5146)
(5146,6407,3718,5146)
(5146,7418,4703,5146)
(5146,7418,8079,5146)
(5146,7418,3718,5146)
(5146,8225,3718,5146)
(5146,6408,4703,5146)
(5146,6408,3718,5146)
(5146,4033,4703,5146)
(5146,8033,3718,5146)
(5146,7767,4703,5146)
(5146,7767,3718,5146)
(5146,9689,4703,5146)
(5146,9233,8079,5146)
(5146,8900,4703,5146)
(5146,8900,3718,5146)
(5146,4133,7418,5146)
(5146,4133,9996,5146)
(5146,4133,4744,5146)
(5146,4133,5818,5146)
(5146,4133,4992,5146)
(5146,5740,3718,5146)
(5146,5936,3718,5146)
(5146,14,4703,5146)
(5146,14,3718,5146)
(5146,7352,4703,5146)
(5146,7352,3718,5146)
(5146,4744,4703,5146)
(5146,4744,3718,5146)
(5146,8079,6513,5146)
(5146,8079,7591,5146)
(5146,8079,7418,5146)
(5146,8079,5679,5146)
(5146,8079,6469,5146)
(5146,8079,4992,5146)
(5146,6456,4703,5146)
(5146,6456,3718,5146)
(5146,5898,8079,5146)
(5146,3682,4033,5146)
(5146,3682,4215,5146)
(5146,3682,4992,5146)
(5146,3682,9451,5146)
(5146,3682,4744,5146)
(5146,3682,5811,5146)
(5146,3682,5936,5146)
(5146,3682,6408,5146)
(5146,3682,6407,5146)
(5146,3682,6469,5146)
(5146,3682,6513,5146)
(5146,3682,9674,5146)
(5146,3682,9856,5146)
(5146,3682,9996,5146)
(5146,3682,8086,5146)
(5146,3682,5818,5146)
(5146,7673,3718,5146)
(5146,4703,7591,5146)
(5146,4703,5187,5146)
(5146,4703,9451,5146)
(5146,4703,5671,5146)
(5146,4703,5213,5146)
(5146,4703,4033,5146)
(5146,4703,5616,5146)
(5146,4703,4744,5146)
(5146,4703,3718,5146)
(5146,4703,6408,5146)
(5146,4703,6469,5146)
(5146,5709,4703,5146)
(5146,5709,8079,5146)
(5146,6469,4703,5146)
(5146,6469,8079,5146)
(5146,6469,3718,5146)
(5146,9451,4703,5146)
(5146,9451,3718,5146)
(5146,7926,3718,5146)
(5146,3718,4920,5146)
(5146,3718,753,5146)
(5146,3718,1495,5146)
(5146,3718,5936,5146)
(5146,3718,7418,5146)
(5146,3718,1590,5146)
(5146,3718,6407,5146)
(5146,3718,6408,5146)
(5146,3718,4703,5146)
(5146,3718,6469,5146)
(5146,3718,4744,5146)
(5146,3718,5811,5146)
(5146,3718,9996,5146)
(5146,3718,9451,5146)
(5146,3718,4992,5146)
(5146,1590,3718,5146)
(5146,1495,3718,5146)
(5146,6447,4703,5146)
(4152,6302,4652,4152)
(4152,3682,3778,4152)
(4152,3682,3936,4152)
(4152,3682,4442,4152)
(4152,3682,4652,4152)
(4152,3682,4176,4152)
(4152,3682,4290,4152)
(4152,3682,7537,4152)
(4152,3682,5464,4152)
(4152,3682,5329,4152)
(4152,3682,5458,4152)
(4152,3682,2624,4152)
(4152,3682,5875,4152)
(4152,3682,5820,4152)
(4152,3682,6642,4152)
(4152,3682,8219,4152)
(4152,3682,949,4152)
(4152,3682,7665,4152)
(4152,3682,9206,4152)
(4152,3682,8965,4152)
(4152,3682,9229,4152)
(4152,3682,6396,4152)
(4152,3682,6892,4152)
(4152,3682,9974,4152)
(4152,3682,9906,4152)
(4152,3682,4465,4152)
(4152,3682,5980,4152)
(4152,5329,4652,4152)
(4152,9906,4652,4152)
(4152,3936,4652,4152)
(4152,5029,4652,4152)
(4152,5464,4652,4152)
(4152,4133,9974,4152)
(4152,4133,3936,4152)
(4152,4133,5464,4152)
(4152,4133,5329,4152)
(4152,4133,9906,4152)
(4152,4133,5980,4152)
(4152,4133,7537,4152)
(4152,4133,5458,4152)
(4152,4133,9229,4152)
(4152,4133,8157,4152)
(4152,4133,9206,4152)
(4152,4133,949,4152)
(4152,4133,8965,4152)
(4152,4133,6396,4152)
(4152,4133,3778,4152)
(4152,2624,4652,4152)
(4152,6240,4652,4152)
(4152,9164,6396,4152)
(4152,9164,5464,4152)
(4152,9164,2624,4152)
(4152,9164,4290,4152)
(4152,9164,8157,4152)
(4152,9164,5875,4152)
(4152,9164,7537,4152)
(4152,9164,8965,4152)
(4152,9164,9974,4152)
(4152,9164,5980,4152)
(4152,9164,9229,4152)
(4152,9164,8219,4152)
(4152,9164,9206,4152)
(4152,9164,7665,4152)
(4152,5903,4652,4152)
(4152,6917,4652,4152)
(4152,8431,4652,4152)
(4152,9229,4652,4152)
(4152,8620,4652,4152)
(4152,4652,5980,4152)
(4152,4652,9229,4152)
(4152,4652,9906,4152)
(4152,4652,5329,4152)
(4152,4652,5464,4152)
(4152,4652,3936,4152)
(4152,4652,4442,4152)
(4152,4652,8157,4152)
(4152,4652,7665,4152)
(4152,8157,4652,4152)
(4152,3901,4652,4152)
(4152,5955,4652,4152)
(3615,2704,3619,3615)
(3615,3619,2704,3615)
(3615,3632,2704,3615)
(791,739,779,791)
(791,739,1024,791)
(791,739,1124,791)
(791,739,1212,791)
