(638,107,41,638)
(638,107,534,638)
(638,222,41,638)
(638,222,534,638)
(638,643,41,638)
(638,643,534,638)
(638,243,41,638)
(638,243,534,638)
(638,601,41,638)
(638,641,41,638)
(638,656,41,638)
(638,41,243,638)
(638,41,547,638)
(638,41,272,638)
(638,41,480,638)
(638,41,504,638)
(638,41,534,638)
(638,41,601,638)
(638,41,608,638)
(638,41,72,638)
(638,41,641,638)
(638,41,672,638)
(638,72,41,638)
(638,623,41,638)
(638,4577,534,638)
(638,339,41,638)
(638,339,534,638)
(638,7163,534,638)
(638,272,41,638)
(638,272,534,638)
(638,547,41,638)
(638,547,534,638)
(638,672,41,638)
(638,672,534,638)
(638,2215,534,638)
(638,38,534,638)
(638,2303,534,638)
(638,556,41,638)
(638,556,534,638)
(638,2597,534,638)
(638,534,107,638)
(638,534,480,638)
(638,534,41,638)
(638,534,623,638)
(638,534,339,638)
(638,534,72,638)
(638,534,547,638)
(638,534,672,638)
(638,534,243,638)
(638,534,38,638)
(638,534,272,638)
(638,534,608,638)
(638,608,41,638)
(638,608,534,638)
(638,564,41,638)
(638,564,534,638)
(6011,681,7051,6011)
(6011,681,1424,6011)
(6011,681,3887,6011)
(6011,681,3364,6011)
(6011,681,3402,6011)
(6011,831,1424,6011)
(6011,4155,3682,6011)
(6011,3950,3682,6011)
(6011,3950,2297,6011)
(6011,2959,7051,6011)
(6011,2959,2340,6011)
(6011,2959,3887,6011)
(6011,2959,3364,6011)
(6011,5713,3682,6011)
(6011,5713,1424,6011)
(6011,5713,2311,6011)
(6011,5713,3402,6011)
(6011,9071,3682,6011)
(6011,9071,7051,6011)
(6011,9071,2340,6011)
(6011,9071,3887,6011)
(6011,9071,3364,6011)
(6011,2718,1424,6011)
(6011,2718,1693,6011)
(6011,2718,2297,6011)
(6011,2718,2311,6011)
(6011,2718,3887,6011)
(6011,2718,3364,6011)
(6011,2718,3402,6011)
(6011,741,3887,6011)
(6011,741,3364,6011)
(6011,8319,3682,6011)
(6011,8319,7051,6011)
(6011,8319,1424,6011)
(6011,8319,2340,6011)
(6011,8319,3887,6011)
(6011,8319,3364,6011)
(6011,8319,3402,6011)
(6011,5574,3682,6011)
(6011,2311,9679,6011)
(6011,2311,3364,6011)
(6011,2311,3682,6011)
(6011,2311,7051,6011)
(6011,2311,1424,6011)
(6011,2311,2340,6011)
(6011,2311,3887,6011)
(6011,6471,3682,6011)
(6011,6471,1424,6011)
(6011,3682,7139,6011)
(6011,3682,3887,6011)
(6011,3682,2283,6011)
(6011,3682,4083,6011)
(6011,3682,4373,6011)
(6011,3682,5001,6011)
(6011,3682,5713,6011)
(6011,3682,3530,6011)
(6011,3682,5574,6011)
(6011,3682,5871,6011)
(6011,3682,5937,6011)
(6011,3682,6001,6011)
(6011,3682,6518,6011)
(6011,3682,6513,6011)
(6011,3682,6559,6011)
(6011,3682,5827,6011)
(6011,3682,1423,6011)
(6011,3682,7212,6011)
(6011,3682,573,6011)
(6011,3682,7015,6011)
(6011,3682,794,6011)
(6011,3682,1659,6011)
(6011,3682,1424,6011)
(6011,3682,7051,6011)
(6011,3682,7731,6011)
(6011,3682,7725,6011)
(6011,3682,8302,6011)
(6011,3682,8319,6011)
(6011,3682,8565,6011)
(6011,3682,8433,6011)
(6011,3682,8679,6011)
(6011,3682,8746,6011)
(6011,3682,8862,6011)
(6011,3682,1721,6011)
(6011,3682,1604,6011)
(6011,3682,8968,6011)
(6011,3682,8959,6011)
(6011,3682,9024,6011)
(6011,3682,9080,6011)
(6011,3682,9063,6011)
(6011,3682,9199,6011)
(6011,3682,9245,6011)
(6011,3682,5238,6011)
(6011,3682,9299,6011)
(6011,3682,9417,6011)
(6011,3682,9517,6011)
(6011,3682,5872,6011)
(6011,3682,9531,6011)
(6011,3682,9910,6011)
(6011,3682,9577,6011)
(6011,3682,9596,6011)
(6011,3682,9607,6011)
(6011,3682,8829,6011)
(6011,3682,9800,6011)
(6011,3682,9794,6011)
(6011,3682,9801,6011)
(6011,3682,9829,6011)
(6011,3682,9181,6011)
(6011,3682,9831,6011)
(6011,3682,9679,6011)
(6011,3682,9856,6011)
(6011,3682,9876,6011)
(6011,3682,9540,6011)
(6011,3682,2311,6011)
(6011,3682,2340,6011)
(6011,3682,556,6011)
(6011,3682,7652,6011)
(6011,3682,471,6011)
(6011,3682,5980,6011)
(6011,3682,7464,6011)
(6011,9607,3682,6011)
(6011,9607,7051,6011)
(6011,9607,2340,6011)
(6011,9607,3364,6011)
(6011,9831,3682,6011)
(6011,9831,7051,6011)
(6011,9831,1424,6011)
(6011,9831,3887,6011)
(6011,9831,3364,6011)
(6011,9831,3402,6011)
(6011,2719,1424,6011)
(6011,2719,2297,6011)
(6011,2719,2340,6011)
(6011,2719,3887,6011)
(6011,2719,3364,6011)
(6011,2719,3402,6011)
(6011,3767,3682,6011)
(6011,3767,2297,6011)
(6011,3767,2311,6011)
(6011,3767,3364,6011)
(6011,3767,3402,6011)
(6011,3364,7163,6011)
(6011,3364,2283,6011)
(6011,3364,741,6011)
(6011,3364,9517,6011)
(6011,3364,3757,6011)
(6011,3364,2311,6011)
(6011,3364,8746,6011)
(6011,3364,2718,6011)
(6011,3364,6518,6011)
(6011,3364,2916,6011)
(6011,3364,9800,6011)
(6011,3364,4106,6011)
(6011,3364,1659,6011)
(6011,3364,7464,6011)
(6011,3364,6513,6011)
(6011,3364,2340,6011)
(6011,3364,3478,6011)
(6011,3364,7725,6011)
(6011,3364,8829,6011)
(6011,3364,1374,6011)
(6011,3364,1721,6011)
(6011,3364,556,6011)
(6011,3364,9794,6011)
(6011,3364,1576,6011)
(6011,3364,681,6011)
(6011,3364,9876,6011)
(6011,3364,8565,6011)
(6011,3364,1488,6011)
(6011,3364,1424,6011)
(6011,3364,2719,6011)
(6011,3364,7015,6011)
(6011,3364,1423,6011)
(6011,3364,9607,6011)
(6011,3364,9063,6011)
(6011,3364,2020,6011)
(6011,3364,9801,6011)
(6011,3364,7212,6011)
(6011,3364,4373,6011)
(6011,3364,8319,6011)
(6011,3364,3709,6011)
(6011,3364,9577,6011)
(6011,3364,3402,6011)
(6011,3364,3475,6011)
(6011,3364,2328,6011)
(6011,3364,3530,6011)
(6011,3364,2569,6011)
(6011,3364,2297,6011)
(6011,3364,3899,6011)
(6011,3364,1693,6011)
(6011,3364,9024,6011)
(6011,3364,9610,6011)
(6011,3364,2290,6011)
(6011,3364,2249,6011)
(6011,3364,2959,6011)
(6011,3364,1473,6011)
(6011,3364,8959,6011)
(6011,3364,9829,6011)
(6011,3364,9831,6011)
(6011,3364,3887,6011)
(6011,3364,3462,6011)
(6011,3364,7051,6011)
(6011,3364,3438,6011)
(6011,3364,2977,6011)
(6011,3364,2337,6011)
(6011,3364,729,6011)
(6011,719,7051,6011)
(6011,719,2297,6011)
(6011,719,3887,6011)
(6011,7725,3682,6011)
(6011,7725,7051,6011)
(6011,7725,1424,6011)
(6011,7725,1693,6011)
(6011,7725,2340,6011)
(6011,7725,3364,6011)
(6011,7725,3402,6011)
(6011,9063,3682,6011)
(6011,9063,7051,6011)
(6011,9063,1424,6011)
(6011,9063,3887,6011)
(6011,9063,3364,6011)
(6011,5238,3682,6011)
(6011,5238,7051,6011)
(6011,5238,1424,6011)
(6011,5238,2340,6011)
(6011,5238,3887,6011)
(6011,5238,3402,6011)
(6011,1424,4260,6011)
(6011,1424,6559,6011)
(6011,1424,2718,6011)
(6011,1424,9831,6011)
(6011,1424,8302,6011)
(6011,1424,5713,6011)
(6011,1424,3757,6011)
(6011,1424,9856,6011)
(6011,1424,6224,6011)
(6011,1424,9417,6011)
(6011,1424,6471,6011)
(6011,1424,9596,6011)
(6011,1424,1604,6011)
(6011,1424,9024,6011)
(6011,1424,8959,6011)
(6011,1424,2249,6011)
(6011,1424,681,6011)
(6011,1424,2719,6011)
(6011,1424,6513,6011)
(6011,1424,3682,6011)
(6011,1424,2328,6011)
(6011,1424,1576,6011)
(6011,1424,9540,6011)
(6011,1424,573,6011)
(6011,1424,3364,6011)
(6011,1424,2311,6011)
(6011,1424,8319,6011)
(6011,1424,4373,6011)
(6011,1424,1374,6011)
(6011,1424,9794,6011)
(6011,1424,1488,6011)
(6011,1424,3475,6011)
(6011,1424,8565,6011)
(6011,1424,5238,6011)
(6011,1424,1059,6011)
(6011,1424,3887,6011)
(6011,1424,2020,6011)
(6011,1424,9829,6011)
(6011,1424,2977,6011)
(6011,1424,9577,6011)
(6011,1424,5937,6011)
(6011,1424,9876,6011)
(6011,1424,8829,6011)
(6011,1424,1423,6011)
(6011,1424,2321,6011)
(6011,1424,9800,6011)
(6011,1424,9801,6011)
(6011,1424,3899,6011)
(6011,1424,794,6011)
(6011,1424,7725,6011)
(6011,1424,7015,6011)
(6011,1424,8746,6011)
(6011,1424,9063,6011)
(6011,1424,729,6011)
(6011,1424,3438,6011)
(6011,1424,3478,6011)
(6011,1424,2337,6011)
(6011,1424,3462,6011)
(6011,1424,2318,6011)
(6011,1424,2290,6011)
(6011,1424,3709,6011)
(6011,1424,7212,6011)
(6011,1424,2340,6011)
(6011,1424,1721,6011)
(6011,1424,6518,6011)
(6011,1424,5001,6011)
(6011,1424,3530,6011)
(6011,1424,9199,6011)
(6011,1424,556,6011)
(6011,1424,5827,6011)
(6011,1424,7051,6011)
(6011,1424,9679,6011)
(6011,1424,3402,6011)
(6011,1424,9517,6011)
(6011,1424,2297,6011)
(6011,1424,1693,6011)
(6011,1424,7731,6011)
(6011,1424,5872,6011)
(6011,1424,5871,6011)
(6011,1424,471,6011)
(6011,5894,3682,6011)
(6011,5894,3402,6011)
(6011,1604,7051,6011)
(6011,1604,1424,6011)
(6011,1604,2311,6011)
(6011,3709,3682,6011)
(6011,3709,7051,6011)
(6011,3709,1424,6011)
(6011,3709,2297,6011)
(6011,3709,2340,6011)
(6011,3709,3887,6011)
(6011,3709,3364,6011)
(6011,3709,3402,6011)
(6011,4373,3682,6011)
(6011,4373,7051,6011)
(6011,4373,1424,6011)
(6011,4373,2340,6011)
(6011,4373,3364,6011)
(6011,4373,3402,6011)
(6011,3402,2977,6011)
(6011,3402,9876,6011)
(6011,3402,2718,6011)
(6011,3402,1721,6011)
(6011,3402,8829,6011)
(6011,3402,7163,6011)
(6011,3402,6518,6011)
(6011,3402,5713,6011)
(6011,3402,573,6011)
(6011,3402,6224,6011)
(6011,3402,1025,6011)
(6011,3402,9794,6011)
(6011,3402,681,6011)
(6011,3402,7212,6011)
(6011,3402,9577,6011)
(6011,3402,1488,6011)
(6011,3402,7725,6011)
(6011,3402,8959,6011)
(6011,3402,2249,6011)
(6011,3402,1576,6011)
(6011,3402,4373,6011)
(6011,3402,556,6011)
(6011,3402,8319,6011)
(6011,3402,3709,6011)
(6011,3402,3364,6011)
(6011,3402,7015,6011)
(6011,3402,1424,6011)
(6011,3402,2719,6011)
(6011,3402,3899,6011)
(6011,3402,9831,6011)
(6011,3402,1423,6011)
(6011,3402,5238,6011)
(6011,3402,3462,6011)
(6011,3899,3682,6011)
(6011,3899,7051,6011)
(6011,3899,1424,6011)
(6011,3899,2340,6011)
(6011,3899,3887,6011)
(6011,3899,3364,6011)
(6011,3899,3402,6011)
(6011,5001,3682,6011)
(6011,5001,7051,6011)
(6011,5001,1424,6011)
(6011,5001,2297,6011)
(6011,5001,2340,6011)
(6011,5001,3887,6011)
(6011,4106,3682,6011)
(6011,4106,7051,6011)
(6011,4106,1693,6011)
(6011,4106,2297,6011)
(6011,4106,2340,6011)
(6011,4106,3887,6011)
(6011,4106,3364,6011)
(6011,7015,3682,6011)
(6011,7015,7051,6011)
(6011,7015,1424,6011)
(6011,7015,3887,6011)
(6011,7015,3364,6011)
(6011,7015,3402,6011)
(6011,9829,3682,6011)
(6011,9829,7051,6011)
(6011,9829,1424,6011)
(6011,9829,2340,6011)
(6011,9829,3887,6011)
(6011,9829,3364,6011)
(6011,573,3682,6011)
(6011,573,7051,6011)
(6011,573,1424,6011)
(6011,573,2340,6011)
(6011,573,3887,6011)
(6011,573,3402,6011)
(6011,794,7051,6011)
(6011,794,1424,6011)
(6011,794,2311,6011)
(6011,794,2340,6011)
(6011,8565,3682,6011)
(6011,8565,7051,6011)
(6011,8565,1424,6011)
(6011,8565,2340,6011)
(6011,8565,3887,6011)
(6011,8565,3364,6011)
(6011,8565,3402,6011)
(6011,1576,1424,6011)
(6011,1576,2340,6011)
(6011,1576,3887,6011)
(6011,1576,3364,6011)
(6011,1576,3402,6011)
(6011,5653,3682,6011)
(6011,9024,3682,6011)
(6011,9024,7051,6011)
(6011,9024,1424,6011)
(6011,9024,2340,6011)
(6011,9024,3887,6011)
(6011,9024,3364,6011)
(6011,6559,3682,6011)
(6011,6559,7051,6011)
(6011,6559,1424,6011)
(6011,6559,3887,6011)
(6011,1374,7051,6011)
(6011,1374,1424,6011)
(6011,1374,2340,6011)
(6011,1374,3887,6011)
(6011,1374,3364,6011)
(6011,3887,3682,6011)
(6011,3887,741,6011)
(6011,3887,7464,6011)
(6011,3887,2718,6011)
(6011,3887,3475,6011)
(6011,3887,6513,6011)
(6011,3887,1025,6011)
(6011,3887,681,6011)
(6011,3887,7212,6011)
(6011,3887,1424,6011)
(6011,3887,2719,6011)
(6011,3887,1576,6011)
(6011,3887,9417,6011)
(6011,3887,5001,6011)
(6011,3887,6321,6011)
(6011,3887,2318,6011)
(6011,3887,3709,6011)
(6011,3887,9856,6011)
(6011,3887,1374,6011)
(6011,3887,1488,6011)
(6011,3887,9679,6011)
(6011,3887,7731,6011)
(6011,3887,8433,6011)
(6011,3887,9063,6011)
(6011,3887,7015,6011)
(6011,3887,8746,6011)
(6011,3887,5871,6011)
(6011,3887,1659,6011)
(6011,3887,1693,6011)
(6011,3887,3364,6011)
(6011,3887,9181,6011)
(6011,3887,8959,6011)
(6011,3887,3899,6011)
(6011,3887,5937,6011)
(6011,3887,9024,6011)
(6011,3887,1473,6011)
(6011,3887,3478,6011)
(6011,3887,3438,6011)
(6011,3887,3757,6011)
(6011,3887,9829,6011)
(6011,3887,2959,6011)
(6011,3887,8829,6011)
(6011,3887,3462,6011)
(6011,3887,2249,6011)
(6011,3887,9794,6011)
(6011,3887,2297,6011)
(6011,3887,2020,6011)
(6011,3887,1423,6011)
(6011,3887,5238,6011)
(6011,3887,9299,6011)
(6011,3887,556,6011)
(6011,3887,7051,6011)
(6011,3887,8319,6011)
(6011,3887,6559,6011)
(6011,3887,9801,6011)
(6011,3887,471,6011)
(6011,3887,573,6011)
(6011,3887,9610,6011)
(6011,3887,6518,6011)
(6011,3887,719,6011)
(6011,3887,9245,6011)
(6011,3887,729,6011)
(6011,3887,5827,6011)
(6011,3887,8679,6011)
(6011,3887,9517,6011)
(6011,3887,9876,6011)
(6011,3887,2328,6011)
(6011,3887,4106,6011)
(6011,3887,9577,6011)
(6011,3887,3530,6011)
(6011,3887,9800,6011)
(6011,3887,1059,6011)
(6011,3887,9831,6011)
(6011,3887,6001,6011)
(6011,3887,2340,6011)
(6011,3887,2337,6011)
(6011,3887,2311,6011)
(6011,3887,7724,6011)
(6011,3887,7163,6011)
(6011,3887,2290,6011)
(6011,3887,2283,6011)
(6011,3887,8565,6011)
(6011,3887,9596,6011)
(6011,3887,2977,6011)
(6011,3887,1721,6011)
(6011,3462,1424,6011)
(6011,3462,2311,6011)
(6011,3462,2340,6011)
(6011,3462,3887,6011)
(6011,3462,3364,6011)
(6011,3462,3402,6011)
(6011,1488,7051,6011)
(6011,1488,1424,6011)
(6011,1488,2297,6011)
(6011,1488,2340,6011)
(6011,1488,3887,6011)
(6011,1488,3364,6011)
(6011,1488,3402,6011)
(6011,5871,3682,6011)
(6011,5871,7051,6011)
(6011,5871,1424,6011)
(6011,5871,2340,6011)
(6011,5871,3887,6011)
(6011,6001,3682,6011)
(6011,6001,7051,6011)
(6011,6001,2340,6011)
(6011,6001,3887,6011)
(6011,5827,3682,6011)
(6011,5827,7051,6011)
(6011,5827,1424,6011)
(6011,5827,2340,6011)
(6011,5827,3887,6011)
(6011,1693,3475,6011)
(6011,1693,831,6011)
(6011,1693,719,6011)
(6011,1693,1025,6011)
(6011,1693,2718,6011)
(6011,1693,4106,6011)
(6011,1693,7464,6011)
(6011,1693,7731,6011)
(6011,1693,7725,6011)
(6011,1693,2916,6011)
(6011,1693,6224,6011)
(6011,1693,5713,6011)
(6011,1693,3438,6011)
(6011,1693,6513,6011)
(6011,1693,2464,6011)
(6011,1693,7139,6011)
(6011,1693,7212,6011)
(6011,1693,3402,6011)
(6011,1693,5653,6011)
(6011,1693,5871,6011)
(6011,1693,7163,6011)
(6011,1693,681,6011)
(6011,1693,3709,6011)
(6011,1693,3478,6011)
(6011,1693,8746,6011)
(6011,1693,4373,6011)
(6011,1693,6559,6011)
(6011,1693,3757,6011)
(6011,1693,573,6011)
(6011,1693,4260,6011)
(6011,1693,9856,6011)
(6011,1693,471,6011)
(6011,1693,794,6011)
(6011,1693,2719,6011)
(6011,1693,1424,6011)
(6011,1693,8565,6011)
(6011,1693,3364,6011)
(6011,1693,5001,6011)
(6011,1693,1488,6011)
(6011,1693,9245,6011)
(6011,1693,1374,6011)
(6011,1693,3899,6011)
(6011,1693,1721,6011)
(6011,1693,9531,6011)
(6011,1693,9577,6011)
(6011,1693,1473,6011)
(6011,1693,9596,6011)
(6011,1693,9794,6011)
(6011,1693,1059,6011)
(6011,1693,556,6011)
(6011,1693,9800,6011)
(6011,1693,2249,6011)
(6011,1693,2798,6011)
(6011,1693,9024,6011)
(6011,1693,1659,6011)
(6011,1693,8319,6011)
(6011,1693,3887,6011)
(6011,1693,5827,6011)
(6011,1693,1576,6011)
(6011,1693,7015,6011)
(6011,1693,9181,6011)
(6011,1693,9831,6011)
(6011,1693,8959,6011)
(6011,1693,9517,6011)
(6011,1693,9063,6011)
(6011,1693,2290,6011)
(6011,1693,9876,6011)
(6011,1693,1423,6011)
(6011,1693,2977,6011)
(6011,1693,2337,6011)
(6011,1693,9801,6011)
(6011,1693,9607,6011)
(6011,1693,6001,6011)
(6011,1693,5937,6011)
(6011,1693,2311,6011)
(6011,1693,3462,6011)
(6011,1693,729,6011)
(6011,1693,9610,6011)
(6011,1693,2569,6011)
(6011,1693,2020,6011)
(6011,1693,7051,6011)
(6011,1693,2959,6011)
(6011,1693,3530,6011)
(6011,1693,5238,6011)
(6011,1693,2328,6011)
(6011,1693,9829,6011)
(6011,1693,8829,6011)
(6011,1693,2297,6011)
(6011,1693,2340,6011)
(6011,1693,7724,6011)
(6011,1693,2283,6011)
(6011,2341,7051,6011)
(6011,2341,2340,6011)
(6011,2341,3887,6011)
(6011,2341,3364,6011)
(6011,2341,3402,6011)
(6011,1721,7051,6011)
(6011,1721,1424,6011)
(6011,1721,3887,6011)
(6011,1721,3364,6011)
(6011,1721,3402,6011)
(6011,8959,3682,6011)
(6011,8959,7051,6011)
(6011,8959,1424,6011)
(6011,8959,3887,6011)
(6011,8959,3364,6011)
(6011,8959,3402,6011)
(6011,6518,3682,6011)
(6011,6518,1424,6011)
(6011,6518,2340,6011)
(6011,6518,3887,6011)
(6011,6518,3364,6011)
(6011,6518,3402,6011)
(6011,2249,7051,6011)
(6011,2249,1424,6011)
(6011,2249,3887,6011)
(6011,2249,3364,6011)
(6011,2249,3402,6011)
(6011,7933,3682,6011)
(6011,7933,2340,6011)
(6011,9876,3682,6011)
(6011,9876,7051,6011)
(6011,9876,1424,6011)
(6011,9876,2340,6011)
(6011,9876,3887,6011)
(6011,9876,3364,6011)
(6011,9876,3402,6011)
(6011,5872,3682,6011)
(6011,5872,7051,6011)
(6011,5872,1424,6011)
(6011,9794,3682,6011)
(6011,9794,7051,6011)
(6011,9794,1424,6011)
(6011,9794,2340,6011)
(6011,9794,3887,6011)
(6011,9794,3364,6011)
(6011,9794,3402,6011)
(6011,1025,1693,6011)
(6011,1025,3887,6011)
(6011,1025,3402,6011)
(6011,8746,3682,6011)
(6011,8746,7051,6011)
(6011,8746,1424,6011)
(6011,8746,2311,6011)
(6011,8746,3887,6011)
(6011,8746,3364,6011)
(6011,8302,3682,6011)
(6011,8302,1424,6011)
(6011,8302,2340,6011)
(6011,3475,7051,6011)
(6011,3475,1424,6011)
(6011,3475,1693,6011)
(6011,3475,2340,6011)
(6011,3475,3887,6011)
(6011,3475,3364,6011)
(6011,556,3682,6011)
(6011,556,7051,6011)
(6011,556,1424,6011)
(6011,556,2340,6011)
(6011,556,3887,6011)
(6011,556,3364,6011)
(6011,556,3402,6011)
(6011,1473,3887,6011)
(6011,1473,3364,6011)
(6011,3438,7051,6011)
(6011,3438,1424,6011)
(6011,3438,2340,6011)
(6011,3438,3887,6011)
(6011,3438,3364,6011)
(6011,2297,6513,6011)
(6011,2297,2718,6011)
(6011,2297,4083,6011)
(6011,2297,719,6011)
(6011,2297,7464,6011)
(6011,2297,1488,6011)
(6011,2297,3709,6011)
(6011,2297,5001,6011)
(6011,2297,3364,6011)
(6011,2297,7051,6011)
(6011,2297,1424,6011)
(6011,2297,2340,6011)
(6011,2297,3887,6011)
(6011,3478,7051,6011)
(6011,3478,1424,6011)
(6011,3478,2340,6011)
(6011,3478,3887,6011)
(6011,3478,3364,6011)
(6011,3530,3682,6011)
(6011,3530,7051,6011)
(6011,3530,1424,6011)
(6011,3530,2340,6011)
(6011,3530,3887,6011)
(6011,3530,3364,6011)
(6011,8829,3682,6011)
(6011,8829,7051,6011)
(6011,8829,1424,6011)
(6011,8829,2340,6011)
(6011,8829,3887,6011)
(6011,8829,3364,6011)
(6011,8829,3402,6011)
(6011,1059,7051,6011)
(6011,1059,1424,6011)
(6011,1059,2340,6011)
(6011,1059,3887,6011)
(6011,1423,3682,6011)
(6011,1423,7051,6011)
(6011,1423,1424,6011)
(6011,1423,2340,6011)
(6011,1423,3887,6011)
(6011,1423,3364,6011)
(6011,1423,3402,6011)
(6011,9679,3682,6011)
(6011,9679,7051,6011)
(6011,9679,1424,6011)
(6011,9679,2311,6011)
(6011,9679,2340,6011)
(6011,9679,3887,6011)
(6011,2569,7051,6011)
(6011,2569,1424,6011)
(6011,2569,2340,6011)
(6011,2569,3364,6011)
(6011,2569,3402,6011)
(6011,7212,3682,6011)
(6011,7212,7051,6011)
(6011,7212,1424,6011)
(6011,7212,2340,6011)
(6011,7212,3887,6011)
(6011,7212,3364,6011)
(6011,7212,3402,6011)
(6011,9540,3682,6011)
(6011,9540,1424,6011)
(6011,9540,2340,6011)
(6011,4083,3682,6011)
(6011,4083,7051,6011)
(6011,4083,1693,6011)
(6011,4083,2297,6011)
(6011,4083,2340,6011)
(6011,9299,3682,6011)
(6011,9299,7051,6011)
(6011,9299,2340,6011)
(6011,9299,3887,6011)
(6011,7051,3402,6011)
(6011,7051,4373,6011)
(6011,7051,681,6011)
(6011,7051,3478,6011)
(6011,7051,6513,6011)
(6011,7051,719,6011)
(6011,7051,7725,6011)
(6011,7051,3709,6011)
(6011,7051,9876,6011)
(6011,7051,3899,6011)
(6011,7051,3682,6011)
(6011,7051,1604,6011)
(6011,7051,7464,6011)
(6011,7051,9577,6011)
(6011,7051,5001,6011)
(6011,7051,1424,6011)
(6011,7051,7015,6011)
(6011,7051,3757,6011)
(6011,7051,1488,6011)
(6011,7051,2249,6011)
(6011,7051,9063,6011)
(6011,7051,1374,6011)
(6011,7051,794,6011)
(6011,7051,2290,6011)
(6011,7051,1423,6011)
(6011,7051,7212,6011)
(6011,7051,3475,6011)
(6011,7051,8433,6011)
(6011,7051,8959,6011)
(6011,7051,3364,6011)
(6011,7051,9024,6011)
(6011,7051,9856,6011)
(6011,7051,8679,6011)
(6011,7051,5871,6011)
(6011,7051,9417,6011)
(6011,7051,9679,6011)
(6011,7051,9080,6011)
(6011,7051,3438,6011)
(6011,7051,9596,6011)
(6011,7051,6559,6011)
(6011,7051,1693,6011)
(6011,7051,2337,6011)
(6011,7051,9531,6011)
(6011,7051,7652,6011)
(6011,7051,8829,6011)
(6011,7051,2020,6011)
(6011,7051,9794,6011)
(6011,7051,2328,6011)
(6011,7051,471,6011)
(6011,7051,1659,6011)
(6011,7051,9801,6011)
(6011,7051,8565,6011)
(6011,7051,9245,6011)
(6011,7051,5872,6011)
(6011,7051,3530,6011)
(6011,7051,7731,6011)
(6011,7051,9829,6011)
(6011,7051,4083,6011)
(6011,7051,8862,6011)
(6011,7051,8319,6011)
(6011,7051,9299,6011)
(6011,7051,9910,6011)
(6011,7051,5827,6011)
(6011,7051,8746,6011)
(6011,7051,7139,6011)
(6011,7051,2297,6011)
(6011,7051,729,6011)
(6011,7051,9610,6011)
(6011,7051,2959,6011)
(6011,7051,3887,6011)
(6011,7051,5238,6011)
(6011,7051,4106,6011)
(6011,7051,7163,6011)
(6011,7051,2283,6011)
(6011,7051,7724,6011)
(6011,7051,2569,6011)
(6011,7051,9181,6011)
(6011,7051,4260,6011)
(6011,7051,1059,6011)
(6011,7051,6001,6011)
(6011,7051,573,6011)
(6011,7051,5937,6011)
(6011,7051,9607,6011)
(6011,7051,2311,6011)
(6011,7051,9800,6011)
(6011,7051,1721,6011)
(6011,7051,556,6011)
(6011,7051,2977,6011)
(6011,7051,9831,6011)
(6011,7051,2340,6011)
(6011,7051,9517,6011)
(6011,2290,7051,6011)
(6011,2290,1424,6011)
(6011,2290,2340,6011)
(6011,2290,3887,6011)
(6011,2290,3364,6011)
(6011,3757,3682,6011)
(6011,3757,7051,6011)
(6011,3757,1424,6011)
(6011,3757,2340,6011)
(6011,3757,3887,6011)
(6011,3757,3364,6011)
(6011,5937,3682,6011)
(6011,5937,7051,6011)
(6011,5937,1424,6011)
(6011,5937,2340,6011)
(6011,5937,3887,6011)
(6011,9181,3682,6011)
(6011,9181,7051,6011)
(6011,9181,2340,6011)
(6011,9181,3887,6011)
(6011,729,7051,6011)
(6011,729,1424,6011)
(6011,729,2340,6011)
(6011,729,3887,6011)
(6011,729,3364,6011)
(6011,2337,7051,6011)
(6011,2337,1424,6011)
(6011,2337,2340,6011)
(6011,2337,3887,6011)
(6011,2337,3364,6011)
(6011,2020,7051,6011)
(6011,2020,1424,6011)
(6011,2020,2340,6011)
(6011,2020,3887,6011)
(6011,2020,3364,6011)
(6011,9577,3682,6011)
(6011,9577,7051,6011)
(6011,9577,1424,6011)
(6011,9577,2340,6011)
(6011,9577,3887,6011)
(6011,9577,3364,6011)
(6011,9577,3402,6011)
(6011,4260,3682,6011)
(6011,4260,7051,6011)
(6011,4260,1424,6011)
(6011,4260,2340,6011)
(6011,9800,3682,6011)
(6011,9800,7051,6011)
(6011,9800,1424,6011)
(6011,9800,2340,6011)
(6011,9800,3887,6011)
(6011,9800,3364,6011)
(6011,2328,7051,6011)
(6011,2328,1424,6011)
(6011,2328,2340,6011)
(6011,2328,3887,6011)
(6011,2328,3364,6011)
(6011,2318,1424,6011)
(6011,2318,2340,6011)
(6011,2318,3887,6011)
(6011,7496,556,6011)
(6011,7496,6321,6011)
(6011,7496,3682,6011)
(6011,7496,7163,6011)
(6011,7496,9299,6011)
(6011,7496,7652,6011)
(6011,7496,6518,6011)
(6011,7496,8862,6011)
(6011,7496,8679,6011)
(6011,7496,5871,6011)
(6011,7496,7139,6011)
(6011,7496,9679,6011)
(6011,7496,7731,6011)
(6011,7496,6001,6011)
(6011,7496,2283,6011)
(6011,7496,9531,6011)
(6011,7496,7725,6011)
(6011,2340,1025,6011)
(6011,2340,2719,6011)
(6011,2340,3364,6011)
(6011,2340,1488,6011)
(6011,2340,7064,6011)
(6011,2340,3899,6011)
(6011,2340,3709,6011)
(6011,2340,5001,6011)
(6011,2340,1424,6011)
(6011,2340,1374,6011)
(6011,2340,794,6011)
(6011,2340,2977,6011)
(6011,2340,9024,6011)
(6011,2340,8565,6011)
(6011,2340,7933,6011)
(6011,2340,5871,6011)
(6011,2340,1693,6011)
(6011,2340,3438,6011)
(6011,2340,3475,6011)
(6011,2340,7212,6011)
(6011,2340,8829,6011)
(6011,2340,2249,6011)
(6011,2340,9829,6011)
(6011,2340,9540,6011)
(6011,2340,9299,6011)
(6011,2340,9910,6011)
(6011,2340,9679,6011)
(6011,2340,7652,6011)
(6011,2340,6321,6011)
(6011,2340,6518,6011)
(6011,2340,9610,6011)
(6011,2340,7163,6011)
(6011,2340,9080,6011)
(6011,2340,2916,6011)
(6011,2340,2959,6011)
(6011,2340,9181,6011)
(6011,2340,4083,6011)
(6011,2340,9199,6011)
(6011,2340,3462,6011)
(6011,2340,5827,6011)
(6011,2340,5238,6011)
(6011,2340,3757,6011)
(6011,2340,5980,6011)
(6011,2340,9417,6011)
(6011,2340,7139,6011)
(6011,2340,9856,6011)
(6011,2340,1423,6011)
(6011,2340,9876,6011)
(6011,2340,573,6011)
(6011,2340,4373,6011)
(6011,2340,3887,6011)
(6011,2340,9607,6011)
(6011,2340,2290,6011)
(6011,2340,8862,6011)
(6011,2340,1659,6011)
(6011,2340,8319,6011)
(6011,2340,9794,6011)
(6011,2340,2297,6011)
(6011,2340,2328,6011)
(6011,2340,8302,6011)
(6011,2340,7464,6011)
(6011,2340,729,6011)
(6011,2340,4106,6011)
(6011,2340,1576,6011)
(6011,2340,8679,6011)
(6011,2340,9596,6011)
(6011,2340,3530,6011)
(6011,2340,2569,6011)
(6011,2340,5937,6011)
(6011,2340,7051,6011)
(6011,2340,556,6011)
(6011,2340,2337,6011)
(6011,2340,9801,6011)
(6011,2340,471,6011)
(6011,2340,2311,6011)
(6011,2340,3478,6011)
(6011,2340,9577,6011)
(6011,2340,2318,6011)
(6011,2340,3682,6011)
(6011,2340,9245,6011)
(6011,2340,7725,6011)
(6011,2340,6001,6011)
(6011,2340,9800,6011)
(6011,2340,4260,6011)
(6011,2340,1059,6011)
(6011,2340,7731,6011)
(6011,2340,9517,6011)
(6011,2340,9531,6011)
(6011,2340,7724,6011)
(6011,2340,2283,6011)
(6011,2340,2020,6011)
(6011,6321,3682,6011)
(6011,6321,2297,6011)
(6011,6321,2340,6011)
(6011,6321,3887,6011)
(6011,6017,3682,6011)
(6011,6017,1693,6011)
(6011,6017,2340,6011)
(6011,6017,3887,6011)
(6011,6017,3402,6011)
(6011,7163,3682,6011)
(6011,7163,7051,6011)
(6011,7163,2340,6011)
(6011,7163,3887,6011)
(6011,7163,3402,6011)
(6011,7731,3682,6011)
(6011,7731,7051,6011)
(6011,7731,1424,6011)
(6011,7731,1693,6011)
(6011,7731,2340,6011)
(6011,7731,3887,6011)
(6011,471,3682,6011)
(6011,471,7051,6011)
(6011,471,1424,6011)
(6011,471,2340,6011)
(6011,471,3887,6011)
(6011,3403,7051,6011)
(6011,3403,3887,6011)
(6011,9517,3682,6011)
(6011,9517,7051,6011)
(6011,9517,1424,6011)
(6011,9517,2340,6011)
(6011,9517,3887,6011)
(6011,9517,3364,6011)
(6011,7464,3682,6011)
(6011,7464,7051,6011)
(6011,7464,1424,6011)
(6011,7464,2340,6011)
(6011,7464,3887,6011)
(6011,7464,3364,6011)
(6011,8968,3682,6011)
(6011,9531,3682,6011)
(6011,9531,7051,6011)
(6011,9531,2340,6011)
(6011,7724,9831,6011)
(6011,7724,1604,6011)
(6011,7724,6518,6011)
(6011,7724,2283,6011)
(6011,7724,3402,6011)
(6011,7724,3682,6011)
(6011,7724,8746,6011)
(6011,7724,2977,6011)
(6011,7724,8433,6011)
(6011,7724,9063,6011)
(6011,7724,3475,6011)
(6011,7724,9024,6011)
(6011,7724,3950,6011)
(6011,7724,3438,6011)
(6011,7724,5871,6011)
(6011,7724,9829,6011)
(6011,7724,2249,6011)
(6011,7724,8302,6011)
(6011,7724,8829,6011)
(6011,7724,573,6011)
(6011,7724,9299,6011)
(6011,7724,1693,6011)
(6011,7724,3462,6011)
(6011,7724,7051,6011)
(6011,7724,6321,6011)
(6011,7724,1659,6011)
(6011,7724,9181,6011)
(6011,7724,6559,6011)
(6011,7724,7652,6011)
(6011,7724,8679,6011)
(6011,7724,1423,6011)
(6011,7724,2328,6011)
(6011,7724,729,6011)
(6011,7724,2297,6011)
(6011,7724,4373,6011)
(6011,7724,9794,6011)
(6011,7724,8319,6011)
(6011,7724,1576,6011)
(6011,7724,9876,6011)
(6011,7724,9910,6011)
(6011,7724,9577,6011)
(6011,7724,3530,6011)
(6011,7724,3887,6011)
(6011,7724,9800,6011)
(6011,7724,9245,6011)
(6011,7724,5937,6011)
(6011,7724,1721,6011)
(6011,7724,2290,6011)
(6011,7724,3478,6011)
(6011,7724,1059,6011)
(6011,7724,9610,6011)
(6011,7724,2311,6011)
(6011,7724,1025,6011)
(6011,7724,9199,6011)
(6011,7724,471,6011)
(6011,7724,4260,6011)
(6011,7724,2569,6011)
(6011,7724,9801,6011)
(6011,7724,9607,6011)
(6011,7724,2959,6011)
(6011,7724,5980,6011)
(6011,7724,9596,6011)
(6011,7724,2340,6011)
(6011,7724,9417,6011)
(6011,7724,4106,6011)
(6011,7724,556,6011)
(6011,7724,9517,6011)
(6011,7724,5238,6011)
(6011,7724,6001,6011)
(6011,7724,9856,6011)
(6011,7724,7464,6011)
(6011,7724,9531,6011)
(6011,7724,2916,6011)
(6011,7724,2020,6011)
(6011,7724,4083,6011)
(6011,7724,7725,6011)
(6011,7724,2337,6011)
(6011,7724,2318,6011)
(6011,7724,7731,6011)
(6011,9417,3682,6011)
(6011,9417,7051,6011)
(6011,9417,1424,6011)
(6011,9417,2340,6011)
(6011,9417,3887,6011)
(6011,9610,3682,6011)
(6011,9610,7051,6011)
(6011,9610,2340,6011)
(6011,9610,7724,6011)
(6011,9610,3887,6011)
(6011,9610,3364,6011)
(6011,8679,3682,6011)
(6011,8679,7051,6011)
(6011,8679,2340,6011)
(6011,8679,3887,6011)
(6011,9596,3682,6011)
(6011,9596,7051,6011)
(6011,9596,1424,6011)
(6011,9596,2340,6011)
(6011,9596,3887,6011)
(6011,9801,3682,6011)
(6011,9801,7051,6011)
(6011,9801,1424,6011)
(6011,9801,2340,6011)
(6011,9801,3887,6011)
(6011,9801,3364,6011)
(6011,2916,1693,6011)
(6011,2916,2311,6011)
(6011,2916,2340,6011)
(6011,2916,3364,6011)
(6011,2283,7051,6011)
(6011,2283,2340,6011)
(6011,2283,3887,6011)
(6011,2283,3402,6011)
(6011,2977,7051,6011)
(6011,2977,1424,6011)
(6011,2977,2340,6011)
(6011,2977,3887,6011)
(6011,2977,3364,6011)
(6011,2977,3402,6011)
(6011,8576,3682,6011)
(6011,8576,1424,6011)
(6457,7496,6444,6457)
(6457,3682,4403,6457)
(6457,3682,6055,6457)
(6457,3682,6084,6457)
(6457,3682,6444,6457)
(6457,3682,7608,6457)
(6457,3682,9063,6457)
(7884,5047,3682,7884)
(7884,7531,3682,7884)
(7884,6545,3682,7884)
(7884,5867,3682,7884)
(7884,6787,3682,7884)
(7884,8748,3682,7884)
(7884,4052,3682,7884)
(7884,5354,3682,7884)
(7884,6737,3682,7884)
(7884,4400,3682,7884)
(7884,9948,3682,7884)
(7884,9083,3682,7884)
(7884,7174,3682,7884)
(7884,7039,3682,7884)
(7884,6226,3682,7884)
(7884,5447,3682,7884)
(7884,8728,3682,7884)
(7884,6524,3682,7884)
(7884,5919,3682,7884)
(7884,7228,3682,7884)
(7884,8369,3682,7884)
(7884,8894,3682,7884)
(7884,9973,3682,7884)
(7884,7496,8728,7884)
(7884,7496,5739,7884)
(7884,7496,3682,7884)
(7884,7496,9948,7884)
(7884,7496,8679,7884)
(7884,7496,7731,7884)
(7884,7496,2283,7884)
(7884,7496,7725,7884)
(7884,9431,3682,7884)
(7884,9496,3682,7884)
(7884,7952,3682,7884)
(7884,8667,3682,7884)
(7884,6688,9746,7884)
(7884,6688,7039,7884)
(7884,6688,6675,7884)
(7884,6688,5739,7884)
(7884,6688,6805,7884)
(7884,6688,3682,7884)
(7884,6688,6215,7884)
(7884,6688,6545,7884)
(7884,6688,7701,7884)
(7884,6688,6183,7884)
(7884,6688,8679,7884)
(7884,6688,8017,7884)
(7884,6688,9969,7884)
(7884,6688,8265,7884)
(7884,6688,8748,7884)
(7884,6688,7930,7884)
(7884,6688,9051,7884)
(7884,6688,5919,7884)
(7884,6688,7132,7884)
(7884,6688,9948,7884)
(7884,6688,983,7884)
(7884,6688,9973,7884)
(7884,6688,2283,7884)
(7884,6688,8163,7884)
(7884,6688,8823,7884)
(7884,6688,6990,7884)
(7884,6688,7804,7884)
(7884,6688,8728,7884)
(7884,6688,7665,7884)
(7884,6688,8924,7884)
(7884,6688,7290,7884)
(7884,6688,9623,7884)
(7884,6688,7531,7884)
(7884,6184,3682,7884)
(7884,6675,3682,7884)
(7884,7132,3682,7884)
(7884,9377,3682,7884)
(7884,8265,3682,7884)
(7884,7725,3682,7884)
(7884,7756,3682,7884)
(7884,9672,3682,7884)
(7884,2597,3682,7884)
(7884,8679,3682,7884)
(7884,7448,3682,7884)
(7884,6083,3682,7884)
(7884,7930,3682,7884)
(7884,7031,3682,7884)
(7884,7731,3682,7884)
(7884,7796,3682,7884)
(7884,7665,3682,7884)
(7884,9517,3682,7884)
(7884,5829,3682,7884)
(7884,7290,3682,7884)
(7884,9051,3682,7884)
(7884,9596,3682,7884)
(7884,8121,3682,7884)
(7884,5952,3682,7884)
(7884,6943,3682,7884)
(7884,4062,3682,7884)
(7884,3682,2283,7884)
(7884,3682,4052,7884)
(7884,3682,4400,7884)
(7884,3682,5047,7884)
(7884,3682,5354,7884)
(7884,3682,5447,7884)
(7884,3682,5739,7884)
(7884,3682,7132,7884)
(7884,3682,5867,7884)
(7884,3682,5919,7884)
(7884,3682,8163,7884)
(7884,3682,5952,7884)
(7884,3682,6128,7884)
(7884,3682,6183,7884)
(7884,3682,6115,7884)
(7884,3682,6140,7884)
(7884,3682,6215,7884)
(7884,3682,5709,7884)
(7884,3682,6347,7884)
(7884,3682,6545,7884)
(7884,3682,7804,7884)
(7884,3682,6570,7884)
(7884,3682,6675,7884)
(7884,3682,7039,7884)
(7884,3682,6737,7884)
(7884,3682,6805,7884)
(7884,3682,6943,7884)
(7884,3682,9051,7884)
(7884,3682,983,7884)
(7884,3682,6990,7884)
(7884,3682,7031,7884)
(7884,3682,7731,7884)
(7884,3682,7725,7884)
(7884,3682,8265,7884)
(7884,3682,7665,7884)
(7884,3682,8482,7884)
(7884,3682,8495,7884)
(7884,3682,8679,7884)
(7884,3682,8728,7884)
(7884,3682,8744,7884)
(7884,3682,8748,7884)
(7884,3682,7930,7884)
(7884,3682,8823,7884)
(7884,3682,8924,7884)
(7884,3682,9019,7884)
(7884,3682,9145,7884)
(7884,3682,9377,7884)
(7884,3682,9434,7884)
(7884,3682,9496,7884)
(7884,3682,9517,7884)
(7884,3682,9503,7884)
(7884,3682,9596,7884)
(7884,3682,9672,7884)
(7884,3682,9746,7884)
(7884,3682,8017,7884)
(7884,3682,7290,7884)
(7884,3682,9948,7884)
(7884,3682,9973,7884)
(7884,3682,9959,7884)
(7884,3682,7531,7884)
(7884,3682,7952,7884)
(7884,3682,7701,7884)
(7884,3682,9623,7884)
(7884,9623,3682,7884)
(7884,9456,3682,7884)
(7884,8796,3682,7884)
(7884,6183,3682,7884)
(7884,6990,3682,7884)
(7884,9969,3682,7884)
(7884,8482,3682,7884)
(7884,6570,3682,7884)
(7884,6347,3682,7884)
(7884,8017,3682,7884)
(7884,6265,3682,7884)
(7884,9959,3682,7884)
(7884,6396,3682,7884)
(7884,5739,3682,7884)
(7884,9145,3682,7884)
(7884,8495,3682,7884)
(7884,8744,3682,7884)
(7884,9434,3682,7884)
(7884,8823,3682,7884)
(7884,9746,3682,7884)
(7884,6444,3682,7884)
(7884,7163,3682,7884)
(7884,9503,3682,7884)
