(6491,4208,1693,6491)
(6491,4208,4046,6491)
(6491,4208,5911,6491)
(6491,4208,6811,6491)
(6491,4841,1693,6491)
(6491,3514,1693,6491)
(6491,3440,1693,6491)
(6491,6884,4672,6491)
(6491,6884,7744,6491)
(6491,3682,6175,6491)
(6491,3682,7305,6491)
(6491,3682,3942,6491)
(6491,3682,7115,6491)
(6491,3682,3874,6491)
(6491,3682,4116,6491)
(6491,3682,3976,6491)
(6491,3682,4215,6491)
(6491,3682,4882,6491)
(6491,3682,4897,6491)
(6491,3682,4908,6491)
(6491,3682,5231,6491)
(6491,3682,5248,6491)
(6491,3682,5385,6491)
(6491,3682,5702,6491)
(6491,3682,7990,6491)
(6491,3682,5911,6491)
(6491,3682,5007,6491)
(6491,3682,6237,6491)
(6491,3682,6303,6491)
(6491,3682,6308,6491)
(6491,3682,6392,6491)
(6491,3682,5287,6491)
(6491,3682,6592,6491)
(6491,3682,9128,6491)
(6491,3682,6645,6491)
(6491,3682,6665,6491)
(6491,3682,6663,6491)
(6491,3682,6654,6491)
(6491,3682,8162,6491)
(6491,3682,6803,6491)
(6491,3682,6800,6491)
(6491,3682,7423,6491)
(6491,3682,5149,6491)
(6491,3682,6841,6491)
(6491,3682,6864,6491)
(6491,3682,6811,6491)
(6491,3682,6877,6491)
(6491,3682,6444,6491)
(6491,3682,6884,6491)
(6491,3682,6908,6491)
(6491,3682,6906,6491)
(6491,3682,6901,6491)
(6491,3682,6896,6491)
(6491,3682,6935,6491)
(6491,3682,6953,6491)
(6491,3682,6949,6491)
(6491,3682,7212,6491)
(6491,3682,6962,6491)
(6491,3682,6996,6491)
(6491,3682,7032,6491)
(6491,3682,7375,6491)
(6491,3682,7374,6491)
(6491,3682,6927,6491)
(6491,3682,8206,6491)
(6491,3682,8411,6491)
(6491,3682,8306,6491)
(6491,3682,8311,6491)
(6491,3682,8353,6491)
(6491,3682,7998,6491)
(6491,3682,8403,6491)
(6491,3682,8443,6491)
(6491,3682,8453,6491)
(6491,3682,8497,6491)
(6491,3682,8488,6491)
(6491,3682,8567,6491)
(6491,3682,8690,6491)
(6491,3682,8651,6491)
(6491,3682,8735,6491)
(6491,3682,8728,6491)
(6491,3682,7138,6491)
(6491,3682,6928,6491)
(6491,3682,8835,6491)
(6491,3682,7930,6491)
(6491,3682,7829,6491)
(6491,3682,8987,6491)
(6491,3682,9012,6491)
(6491,3682,9086,6491)
(6491,3682,9227,6491)
(6491,3682,9219,6491)
(6491,3682,9249,6491)
(6491,3682,9367,6491)
(6491,3682,7406,6491)
(6491,3682,9302,6491)
(6491,3682,9546,6491)
(6491,3682,9485,6491)
(6491,3682,9553,6491)
(6491,3682,4210,6491)
(6491,3682,7193,6491)
(6491,3682,9659,6491)
(6491,3682,9779,6491)
(6491,3682,9787,6491)
(6491,3682,9876,6491)
(6491,3682,9902,6491)
(6491,3682,6782,6491)
(6491,3682,9956,6491)
(6491,3682,9276,6491)
(6491,3682,2567,6491)
(6491,3682,9909,6491)
(6491,3682,7531,6491)
(6491,3682,9921,6491)
(6491,3682,7805,6491)
(6491,3682,7717,6491)
(6491,3682,285,6491)
(6491,3682,7744,6491)
(6491,3682,7941,6491)
(6491,3682,5443,6491)
(6491,3682,9592,6491)
(6491,3886,7744,6491)
(6491,3886,6811,6491)
(6491,5068,8497,6491)
(6491,5068,9367,6491)
(6491,5068,6444,6491)
(6491,5068,6841,6491)
(6491,6645,7744,6491)
(6491,6645,6811,6491)
(6491,4961,6811,6491)
(6491,7115,7744,6491)
(6491,4328,7744,6491)
(6491,4328,6811,6491)
(6491,9412,7744,6491)
(6491,7164,7744,6491)
(6491,4116,7744,6491)
(6491,4116,5911,6491)
(6491,2209,4672,6491)
(6491,2209,7744,6491)
(6491,6472,7744,6491)
(6491,6472,8453,6491)
(6491,9818,7744,6491)
(6491,8488,4672,6491)
(6491,4046,7744,6491)
(6491,4046,6803,6491)
(6491,4046,7829,6491)
(6491,4046,7847,6491)
(6491,4046,7504,6491)
(6491,4046,6928,6491)
(6491,4046,5696,6491)
(6491,4046,6444,6491)
(6491,4046,6722,6491)
(6491,4046,6811,6491)
(6491,4046,7930,6491)
(6491,4046,2959,6491)
(6491,4046,3473,6491)
(6491,4046,8567,6491)
(6491,4046,1693,6491)
(6491,4046,9219,6491)
(6491,8496,4672,6491)
(6491,8496,7744,6491)
(6491,8496,8453,6491)
(6491,9302,4672,6491)
(6491,9012,4672,6491)
(6491,9012,7744,6491)
(6491,8411,7744,6491)
(6491,8411,8453,6491)
(6491,8411,5911,6491)
(6491,3874,7744,6491)
(6491,7798,7744,6491)
(6491,6935,4672,6491)
(6491,6935,7744,6491)
(6491,6935,6811,6491)
(6491,4666,4672,6491)
(6491,4666,7744,6491)
(6491,5248,4672,6491)
(6491,5248,6811,6491)
(6491,6819,7744,6491)
(6491,6819,6811,6491)
(6491,5702,6811,6491)
(6491,8620,7744,6491)
(6491,8620,8453,6491)
(6491,8620,6811,6491)
(6491,1015,4672,6491)
(6491,1015,7744,6491)
(6491,8940,4672,6491)
(6491,8940,7744,6491)
(6491,8940,8453,6491)
(6491,8940,6811,6491)
(6491,6811,4046,6491)
(6491,6811,6654,6491)
(6491,6811,8162,6491)
(6491,6811,6237,6491)
(6491,6811,5702,6491)
(6491,6811,8540,6491)
(6491,6811,8690,6491)
(6491,6811,7305,6491)
(6491,6811,9411,6491)
(6491,6811,6303,6491)
(6491,6811,5696,6491)
(6491,6811,7809,6491)
(6491,6811,5007,6491)
(6491,6811,6928,6491)
(6491,6811,4908,6491)
(6491,6811,6308,6491)
(6491,6811,7805,6491)
(6491,6811,120,6491)
(6491,6811,8311,6491)
(6491,6811,7427,6491)
(6491,6811,7504,6491)
(6491,6811,8443,6491)
(6491,6811,6645,6491)
(6491,6811,7990,6491)
(6491,6811,5248,6491)
(6491,6811,6392,6491)
(6491,6811,8353,6491)
(6491,6811,8567,6491)
(6491,6811,9711,6491)
(6491,6811,3473,6491)
(6491,6811,9876,6491)
(6491,6811,6592,6491)
(6491,6811,3095,6491)
(6491,6811,2567,6491)
(6491,6811,5231,6491)
(6491,6811,2959,6491)
(6491,6811,8735,6491)
(6491,6811,7578,6491)
(6491,6811,7930,6491)
(6491,6811,9902,6491)
(6491,6811,7032,6491)
(6491,6811,6935,6491)
(6491,6811,7829,6491)
(6491,6811,7744,6491)
(6491,6811,8497,6491)
(6491,6811,9956,6491)
(6491,6811,4215,6491)
(6491,6811,7531,6491)
(6491,7174,4672,6491)
(6491,7174,7744,6491)
(6491,7174,6811,6491)
(6491,6592,7744,6491)
(6491,6592,8453,6491)
(6491,6592,6811,6491)
(6491,6803,7744,6491)
(6491,7690,7744,6491)
(6491,6237,7744,6491)
(6491,6237,5911,6491)
(6491,6237,6811,6491)
(6491,9956,1693,6491)
(6491,9956,7744,6491)
(6491,9956,6811,6491)
(6491,1502,4672,6491)
(6491,6308,7744,6491)
(6491,6308,6811,6491)
(6491,7537,7744,6491)
(6491,7537,8453,6491)
(6491,9128,4672,6491)
(6491,3233,4672,6491)
(6491,3233,7744,6491)
(6491,3233,8453,6491)
(6491,7375,4672,6491)
(6491,8735,7744,6491)
(6491,8735,6811,6491)
(6491,5007,7744,6491)
(6491,5007,8453,6491)
(6491,5007,6811,6491)
(6491,3095,4672,6491)
(6491,3095,6811,6491)
(6491,9787,4672,6491)
(6491,9787,7744,6491)
(6491,4056,4672,6491)
(6491,4056,7744,6491)
(6491,4056,6811,6491)
(6491,9909,4672,6491)
(6491,9909,7744,6491)
(6491,6877,4672,6491)
(6491,6864,7744,6491)
(6491,9710,7744,6491)
(6491,9227,4672,6491)
(6491,9227,7744,6491)
(6491,7427,7744,6491)
(6491,7427,5911,6491)
(6491,7427,6811,6491)
(6491,5231,6811,6491)
(6491,6006,7744,6491)
(6491,6006,4046,6491)
(6491,8728,4672,6491)
(6491,8728,7744,6491)
(6491,7717,4672,6491)
(6491,7717,7744,6491)
(6491,9485,4672,6491)
(6491,4672,8453,6491)
(6491,4672,5248,6491)
(6491,4672,7880,6491)
(6491,4672,8162,6491)
(6491,4672,7115,6491)
(6491,4672,7135,6491)
(6491,4672,9219,6491)
(6491,4672,6927,6491)
(6491,4672,5153,6491)
(6491,4672,6663,6491)
(6491,4672,6794,6491)
(6491,4672,8567,6491)
(6491,4672,6841,6491)
(6491,4672,8206,6491)
(6491,4672,6901,6491)
(6491,4672,8690,6491)
(6491,4672,2209,6491)
(6491,4672,7847,6491)
(6491,4672,9902,6491)
(6491,4672,4897,6491)
(6491,4672,7744,6491)
(6491,4672,9128,6491)
(6491,4672,7032,6491)
(6491,4672,9086,6491)
(6491,4672,7717,6491)
(6491,4672,9921,6491)
(6491,4672,6906,6491)
(6491,4672,7406,6491)
(6491,4672,5385,6491)
(6491,4672,8488,6491)
(6491,4672,6962,6491)
(6491,4672,7941,6491)
(6491,4672,6877,6491)
(6491,4672,2245,6491)
(6491,4672,1015,6491)
(6491,4672,5287,6491)
(6491,4672,8728,6491)
(6491,4672,7375,6491)
(6491,4672,9485,6491)
(6491,4672,6908,6491)
(6491,4672,9546,6491)
(6491,4672,9787,6491)
(6491,4672,4882,6491)
(6491,4672,6949,6491)
(6491,4672,6996,6491)
(6491,4672,1525,6491)
(6491,4672,9367,6491)
(6491,4672,6953,6491)
(6491,4672,9302,6491)
(6491,4672,6392,6491)
(6491,4672,3095,6491)
(6491,4672,6896,6491)
(6491,4672,7991,6491)
(6491,4672,6884,6491)
(6491,4672,9909,6491)
(6491,4672,7193,6491)
(6491,4672,9012,6491)
(6491,4672,8987,6491)
(6491,4672,8497,6491)
(6491,4672,1693,6491)
(6491,4672,8835,6491)
(6491,4672,9659,6491)
(6491,4672,9592,6491)
(6491,4672,2959,6491)
(6491,4672,3233,6491)
(6491,4672,3473,6491)
(6491,4672,9227,6491)
(6491,4672,7212,6491)
(6491,4672,6935,6491)
(6491,4672,7374,6491)
(6491,4672,2567,6491)
(6491,4672,2305,6491)
(6491,8690,4672,6491)
(6491,8690,7744,6491)
(6491,8690,8453,6491)
(6491,8690,6811,6491)
(6491,5287,4672,6491)
(6491,5287,1693,6491)
(6491,5287,7744,6491)
(6491,5287,8453,6491)
(6491,9367,4672,6491)
(6491,9367,7744,6491)
(6491,7991,4672,6491)
(6491,7504,7744,6491)
(6491,7504,4046,6491)
(6491,7504,6811,6491)
(6491,7374,4672,6491)
(6491,7374,7744,6491)
(6491,8443,6811,6491)
(6491,7212,4672,6491)
(6491,6901,4672,6491)
(6491,6901,7744,6491)
(6491,3473,4672,6491)
(6491,3473,7744,6491)
(6491,3473,4046,6491)
(6491,3473,6811,6491)
(6491,6927,4672,6491)
(6491,2305,4672,6491)
(6491,2305,7744,6491)
(6491,4882,4672,6491)
(6491,6654,7744,6491)
(6491,6654,6811,6491)
(6491,8206,4672,6491)
(6491,8206,7744,6491)
(6491,7193,4672,6491)
(6491,7193,1693,6491)
(6491,4897,4672,6491)
(6491,2245,4672,6491)
(6491,6800,7744,6491)
(6491,7935,7744,6491)
(6491,4908,7744,6491)
(6491,4908,6811,6491)
(6491,9276,7744,6491)
(6491,9219,4672,6491)
(6491,9219,7744,6491)
(6491,9219,4046,6491)
(6491,9219,5911,6491)
(6491,7032,4672,6491)
(6491,7032,7744,6491)
(6491,7032,6811,6491)
(6491,7941,4672,6491)
(6491,7941,8453,6491)
(6491,8353,7744,6491)
(6491,8353,8453,6491)
(6491,8353,6811,6491)
(6491,9546,4672,6491)
(6491,9546,7744,6491)
(6491,7406,4672,6491)
(6491,7406,7744,6491)
(6491,6896,4672,6491)
(6491,6896,7744,6491)
(6491,8748,4672,6491)
(6491,8748,7744,6491)
(6491,8748,6811,6491)
(6491,8311,7744,6491)
(6491,8311,6811,6491)
(6491,9411,6811,6491)
(6491,6953,4672,6491)
(6491,6953,7744,6491)
(6491,8567,4672,6491)
(6491,8567,7744,6491)
(6491,8567,4046,6491)
(6491,8567,5911,6491)
(6491,8567,6811,6491)
(6491,7809,7744,6491)
(6491,7809,6811,6491)
(6491,6303,7744,6491)
(6491,6303,6811,6491)
(6491,6906,4672,6491)
(6491,9876,7744,6491)
(6491,9876,4046,6491)
(6491,9876,8453,6491)
(6491,9876,6811,6491)
(6491,6949,4672,6491)
(6491,6962,4672,6491)
(6491,6962,7744,6491)
(6491,5385,4672,6491)
(6491,9659,4672,6491)
(6491,9711,7744,6491)
(6491,9711,6811,6491)
(6491,120,7744,6491)
(6491,120,6811,6491)
(6491,7712,7744,6491)
(6491,6908,4672,6491)
(6491,6908,7744,6491)
(6491,2959,4672,6491)
(6491,2959,7744,6491)
(6491,2959,4046,6491)
(6491,2959,6811,6491)
(6491,1525,4672,6491)
(6491,1525,7744,6491)
(6491,8651,7744,6491)
(6491,2058,7744,6491)
(6491,6996,4672,6491)
(6491,7829,7744,6491)
(6491,7829,6811,6491)
(6491,8497,7744,6491)
(6491,8497,6811,6491)
(6491,8540,7744,6491)
(6491,8540,6811,6491)
(6491,8987,4672,6491)
(6491,4403,7744,6491)
(6491,4403,8453,6491)
(6491,4403,5911,6491)
(6491,6841,4672,6491)
(6491,6841,7744,6491)
(6491,7744,4210,6491)
(6491,7744,2959,6491)
(6491,7744,5652,6491)
(6491,7744,7805,6491)
(6491,7744,9227,6491)
(6491,7744,7138,6491)
(6491,7744,3942,6491)
(6491,7744,6429,6491)
(6491,7744,6627,6491)
(6491,7744,6724,6491)
(6491,7744,6643,6491)
(6491,7744,6592,6491)
(6491,7744,6994,6491)
(6491,7744,6928,6491)
(6491,7744,7135,6491)
(6491,7744,7178,6491)
(6491,7744,6753,6491)
(6491,7744,6308,6491)
(6491,7744,4672,6491)
(6491,7744,7257,6491)
(6491,7744,9546,6491)
(6491,7744,7406,6491)
(6491,7744,6896,6491)
(6491,7744,7644,6491)
(6491,7744,6906,6491)
(6491,7744,7427,6491)
(6491,7744,3233,6491)
(6491,7744,7692,6491)
(6491,7744,5443,6491)
(6491,7744,7305,6491)
(6491,7744,8311,6491)
(6491,7744,7935,6491)
(6491,7744,7990,6491)
(6491,7744,6663,6491)
(6491,7744,1525,6491)
(6491,7744,6175,6491)
(6491,7744,8835,6491)
(6491,7744,6884,6491)
(6491,7744,9768,6491)
(6491,7744,9876,6491)
(6491,7744,6908,6491)
(6491,7744,7717,6491)
(6491,7744,7847,6491)
(6491,7744,120,6491)
(6491,7744,7469,6491)
(6491,7744,6803,6491)
(6491,7744,8206,6491)
(6491,7744,1015,6491)
(6491,7744,7531,6491)
(6491,7744,6935,6491)
(6491,7744,9787,6491)
(6491,7744,7712,6491)
(6491,7744,9086,6491)
(6491,7744,2305,6491)
(6491,7744,8735,6491)
(6491,7744,8540,6491)
(6491,7744,4908,6491)
(6491,7744,5287,6491)
(6491,7744,8162,6491)
(6491,7744,6901,6491)
(6491,7744,6962,6491)
(6491,7744,7504,6491)
(6491,7744,7374,6491)
(6491,7744,6654,6491)
(6491,7744,8567,6491)
(6491,7744,6953,6491)
(6491,7744,8728,6491)
(6491,7744,8353,6491)
(6491,7744,2209,6491)
(6491,7744,6645,6491)
(6491,7744,7578,6491)
(6491,7744,6444,6491)
(6491,7744,6237,6491)
(6491,7744,4215,6491)
(6491,7744,9921,6491)
(6491,7744,5153,6491)
(6491,7744,6800,6491)
(6491,7744,7829,6491)
(6491,7744,7930,6491)
(6491,7744,2058,6491)
(6491,7744,7648,6491)
(6491,7744,8720,6491)
(6491,7744,1693,6491)
(6491,7744,6824,6491)
(6491,7744,6392,6491)
(6491,7744,8403,6491)
(6491,7744,8411,6491)
(6491,7744,2201,6491)
(6491,7744,3473,6491)
(6491,7744,6303,6491)
(6491,7744,9012,6491)
(6491,7744,4074,6491)
(6491,7744,7714,6491)
(6491,7744,7809,6491)
(6491,7744,6782,6491)
(6491,7744,9711,6491)
(6491,7744,9367,6491)
(6491,7744,6841,6491)
(6491,7744,8651,6491)
(6491,7744,7032,6491)
(6491,7744,7319,6491)
(6491,7744,9276,6491)
(6491,7744,6811,6491)
(6491,7744,6864,6491)
(6491,7744,9956,6491)
(6491,7744,5007,6491)
(6491,7744,9592,6491)
(6491,7744,8497,6491)
(4298,4133,4440,4298)
(4298,4133,9063,4298)
(4298,4133,4194,4298)
(4298,4133,5464,4298)
(4298,4133,3904,4298)
(4298,4133,4204,4298)
(4298,4133,6421,4298)
(4298,4133,4740,4298)
(4298,4133,6917,4298)
(4298,4133,8867,4298)
(4298,4133,6157,4298)
(4298,4133,6083,4298)
(4298,4133,8536,4298)
(4298,4133,3778,4298)
(4298,6688,4823,4298)
(4298,6688,7701,4298)
(4298,6688,6083,4298)
(4298,6688,8130,4298)
(4298,6688,9911,4298)
(4298,6688,4465,4298)
(4298,6688,4357,4298)
(4298,7744,9911,4298)
(4298,7744,4440,4298)
(4298,7744,8867,4298)
(4298,7744,5464,4298)
(4298,7744,4404,4298)
(4298,7744,4184,4298)
(4298,7744,3778,4298)
(4298,7744,9063,4298)
(4298,7744,8290,4298)
(4298,7744,9583,4298)
(4298,7744,6603,4298)
(4298,7744,2667,4298)
(4298,7744,8130,4298)
(4298,3682,3778,4298)
(4298,3682,4203,4298)
(4298,3682,6421,4298)
(4298,3682,4442,4298)
(4298,3682,3979,4298)
(4298,3682,4357,4298)
(4298,3682,4342,4298)
(4298,3682,4374,4298)
(4298,3682,4404,4298)
(4298,3682,4440,4298)
(4298,3682,4455,4298)
(4298,3682,4740,4298)
(4298,3682,4804,4298)
(4298,3682,5464,4298)
(4298,3682,4823,4298)
(4298,3682,5409,4298)
(4298,3682,6083,4298)
(4298,3682,6185,4298)
(4298,3682,6603,4298)
(4298,3682,8290,4298)
(4298,3682,2667,4298)
(4298,3682,8536,4298)
(4298,3682,9583,4298)
(4298,3682,9063,4298)
(4298,3682,8867,4298)
(4298,3682,9911,4298)
(4298,3682,4465,4298)
(4298,3682,7701,4298)
(4298,6148,4204,4298)
(3246,3179,3277,3246)
(3246,3179,3364,3246)
(3246,3362,3277,3246)
(3246,3424,3277,3246)
(3246,3424,3364,3246)
(3246,3261,3277,3246)
(3246,3261,3364,3246)
(3246,3166,3277,3246)
(3246,3166,3364,3246)
(3246,3526,3277,3246)
(3246,3458,3277,3246)
(3246,3458,3364,3246)
(3246,3443,3277,3246)
(3246,3038,3277,3246)
(3246,3038,3364,3246)
(3246,2970,3277,3246)
(3246,2970,3364,3246)
(3246,3285,3277,3246)
(3246,3285,3364,3246)
(3246,3312,3277,3246)
(3246,3312,3364,3246)
(3246,3326,3277,3246)
(3246,3326,3364,3246)
(3246,3405,3277,3246)
(3246,3405,3364,3246)
(3246,3132,3364,3246)
(3246,3465,3277,3246)
(3246,3465,3364,3246)
(3246,3284,3277,3246)
(3246,3284,3364,3246)
(3246,3221,3277,3246)
(3246,3221,3364,3246)
(3246,3081,3364,3246)
(3246,3329,3364,3246)
(3246,3479,3277,3246)
(3246,3479,3364,3246)
(3246,2969,3277,3246)
(3246,3064,3277,3246)
(3246,3064,3364,3246)
(3246,3334,3277,3246)
(3246,3334,3364,3246)
(3246,3123,3277,3246)
(3246,3123,3364,3246)
(3246,3201,3364,3246)
(3246,3323,3364,3246)
(3246,3099,3277,3246)
(3246,3099,3364,3246)
(3246,3196,3364,3246)
(3246,3153,3277,3246)
(3246,3153,3364,3246)
(3246,3240,3277,3246)
(3246,3240,3364,3246)
(3246,3058,3277,3246)
(3246,3058,3364,3246)
(3246,2865,3277,3246)
(3246,2865,3364,3246)
(3246,3316,3277,3246)
(3246,3316,3364,3246)
(3246,3163,3277,3246)
(3246,3163,3364,3246)
(3246,3176,3277,3246)
(3246,3176,3364,3246)
(3246,3154,3277,3246)
(3246,3154,3364,3246)
(3246,3512,3277,3246)
(3246,3512,3364,3246)
(3246,3489,3277,3246)
(3246,3489,3364,3246)
(3246,2962,3277,3246)
(3246,2962,3364,3246)
(3246,3499,3277,3246)
(3246,3209,3277,3246)
(3246,3209,3364,3246)
(3246,2975,3277,3246)
(3246,2975,3364,3246)
(3246,3073,3277,3246)
(3246,3227,3277,3246)
(3246,3227,3364,3246)
(3246,3298,3364,3246)
(3246,3119,3322,3246)
(3246,3119,3040,3246)
(3246,3119,2976,3246)
(3246,3119,2810,3246)
(3246,3119,3364,3246)
(3246,3119,3240,3246)
(3246,3119,3316,3246)
(3246,3119,3196,3246)
(3246,3119,3099,3246)
(3246,3119,3329,3246)
(3246,3119,3123,3246)
(3246,3119,3292,3246)
(3246,3119,3281,3246)
(3246,3119,3519,3246)
(3246,3119,3424,3246)
(3246,3119,2865,3246)
(3246,3119,3334,3246)
(3246,3119,3163,3246)
(3246,3119,3144,3246)
(3246,3119,3311,3246)
(3246,3119,3280,3246)
(3246,3119,3299,3246)
(3246,3119,3320,3246)
(3246,3119,3221,3246)
(3246,3119,2962,3246)
(3246,3119,2820,3246)
(3246,3119,3327,3246)
(3246,3119,2970,3246)
(3246,3119,3259,3246)
(3246,3119,3277,3246)
(3246,3119,3454,3246)
(3246,3119,2975,3246)
(3246,3119,2969,3246)
(3246,3119,3209,3246)
(3246,3119,3425,3246)
(3246,3119,3498,3246)
(3246,3119,3360,3246)
(3246,3119,2913,3246)
(3246,3119,3326,3246)
(3246,3119,3298,3246)
(3246,3119,3479,3246)
(3246,3119,3346,3246)
(3246,3119,3455,3246)
(3246,3119,3521,3246)
(3246,3119,3499,3246)
(3246,3119,3260,3246)
(3246,3119,3249,3246)
(3246,3119,3255,3246)
(3246,3119,3250,3246)
(3246,3119,3362,3246)
(3246,3119,3312,3246)
(3246,3119,3303,3246)
(3246,3119,3234,3246)
(3246,3119,3517,3246)
(3246,3119,3451,3246)
(3246,3119,3213,3246)
(3246,3119,3307,3246)
(3246,3119,3279,3246)
(3246,3119,3308,3246)
(3246,3119,3482,3246)
(3246,3119,3513,3246)
(3246,3119,3176,3246)
(3246,3119,3474,3246)
(3246,3119,3170,3246)
(3246,3119,3486,3246)
(3246,3119,3252,3246)
(3246,3119,3344,3246)
(3246,3119,3237,3246)
(3246,3119,3045,3246)
(3246,3119,3113,3246)
(3246,3119,2821,3246)
(3246,3119,3423,3246)
(3246,3119,732,3246)
(3246,3119,4083,3246)
(3246,3119,5,3246)
(3246,3119,2659,3246)
(3246,3119,1806,3246)
(3246,3119,1820,3246)
(3246,3119,1824,3246)
(3246,3119,3624,3246)
(3246,3119,3628,3246)
(3246,3119,608,3246)
(3246,3119,9063,3246)
(3246,3119,3623,3246)
(3246,3119,339,3246)
(3246,3119,38,3246)
(3246,3343,3277,3246)
(3246,3343,3364,3246)
(3246,3243,3277,3246)
(3246,3243,3364,3246)
(3246,3173,3364,3246)
(3246,3308,3277,3246)
(3246,3308,3364,3246)
(3246,2739,3277,3246)
(3246,2739,3364,3246)
(3246,3513,3277,3246)
(3246,3513,3364,3246)
(3246,3072,3277,3246)
(3246,3040,3277,3246)
(3246,3040,3364,3246)
(3246,3124,3277,3246)
(3246,3124,3364,3246)
(3246,3427,3277,3246)
(3246,3045,3277,3246)
(3246,3045,3364,3246)
(3246,2820,3277,3246)
(3246,3113,3277,3246)
(3246,3113,3364,3246)
(3246,3256,3277,3246)
(3246,3256,3364,3246)
(3246,3263,3277,3246)
(3246,3292,3364,3246)
(3246,2704,3099,3246)
(3246,2704,3196,3246)
(3246,2704,3249,3246)
(3246,2704,2976,3246)
(3246,2704,2970,3246)
(3246,2704,3329,3246)
(3246,2704,3123,3246)
(3246,2704,3240,3246)
(3246,2704,3292,3246)
(3246,2704,2865,3246)
(3246,2704,3279,3246)
(3246,2704,3234,3246)
(3246,2704,3040,3246)
(3246,2704,3045,3246)
(3246,2704,3113,3246)
(3246,2704,3334,3246)
(3246,2704,3281,3246)
(3246,2704,3144,3246)
(3246,2704,3163,3246)
(3246,2704,3227,3246)
(3246,2704,3346,3246)
(3246,2704,3298,3246)
(3246,2704,2913,3246)
(3246,2704,3320,3246)
(3246,2704,3173,3246)
(3246,2704,3308,3246)
(3246,2704,3364,3246)
(3246,2704,3367,3246)
(3246,2704,3289,3246)
(3246,2704,2962,3246)
(3246,2704,3479,3246)
(3246,2704,2975,3246)
(3246,2704,2969,3246)
(3246,2704,3514,3246)
(3246,2704,3260,3246)
(3246,2704,3424,3246)
(3246,2704,3482,3246)
(3246,2704,3405,3246)
(3246,2704,3466,3246)
(3246,2704,3443,3246)
(3246,2704,3458,3246)
(3246,2704,3519,3246)
(3246,2704,3521,3246)
(3246,2704,3465,3246)
(3246,2704,3327,3246)
(3246,2704,3474,3246)
(3246,2704,3299,3246)
(3246,2704,3221,3246)
(3246,2704,3259,3246)
(3246,2704,3031,3246)
(3246,2704,3209,3246)
(3246,2704,3498,3246)
(3246,2704,3425,3246)
(3246,2704,3499,3246)
(3246,2704,3170,3246)
(3246,2704,3489,3246)
(3246,2704,3419,3246)
(3246,2704,3252,3246)
(3246,2704,3350,3246)
(3246,2704,3360,3246)
(3246,2704,3274,3246)
(3246,2704,3513,3246)
(3246,2704,3454,3246)
(3246,2704,3250,3246)
(3246,2704,3255,3246)
(3246,2704,3455,3246)
(3246,2704,3344,3246)
(3246,2704,3451,3246)
(3246,2704,3362,3246)
(3246,2704,3517,3246)
(3246,2704,3237,3246)
(3246,2704,3322,3246)
(3246,2704,3460,3246)
(3246,2704,3213,3246)
(3246,2704,3176,3246)
(3246,2704,3486,3246)
(3246,2704,3427,3246)
(3246,2704,2820,3246)
(3246,2704,2821,3246)
(3246,2704,3423,3246)
(3246,2704,3473,3246)
(3246,2704,3622,3246)
(3246,2704,3608,3246)
(3246,2704,3604,3246)
(3246,2704,3670,3246)
(3246,2704,3648,3246)
(3246,2704,1952,3246)
(3246,2704,3634,3246)
(3246,2704,1806,3246)
(3246,2704,5,3246)
(3246,2704,1824,3246)
(3246,2704,3624,3246)
(3246,2704,3628,3246)
(3246,2704,608,3246)
(3246,2704,3623,3246)
(3246,2704,732,3246)
(3246,3349,3364,3246)
(3246,3077,3277,3246)
(3246,3077,3364,3246)
(3246,3133,3277,3246)
(3246,3133,3364,3246)
(3246,3304,3364,3246)
(3246,3146,3364,3246)
(3246,3294,3364,3246)
(3246,3306,3364,3246)
(3246,3474,3277,3246)
(3246,3301,3364,3246)
(3246,3288,3364,3246)
(3246,3281,3277,3246)
(3246,3281,3364,3246)
(3246,3283,3364,3246)
(3246,3327,3277,3246)
(3246,3327,3364,3246)
(3246,3311,3277,3246)
(3246,3311,3364,3246)
(3246,3361,3277,3246)
(3246,3361,3364,3246)
(3246,3280,3277,3246)
(3246,3280,3364,3246)
(3246,3303,3277,3246)
(3246,3330,3277,3246)
(3246,3330,3364,3246)
(3246,3271,3364,3246)
(3246,3299,3277,3246)
(3246,3299,3364,3246)
(3246,3259,3364,3246)
(3246,3519,3277,3246)
(3246,3519,3364,3246)
(3246,3310,3277,3246)
(3246,3310,3364,3246)
(3246,3318,3277,3246)
(3246,3318,3364,3246)
(3246,3339,3277,3246)
(3246,3309,3277,3246)
(3246,3309,3364,3246)
(3246,3509,3364,3246)
(3246,3425,3277,3246)
(3246,3425,3364,3246)
(3246,3268,3277,3246)
(3246,3268,3364,3246)
(3246,3498,3364,3246)
(3246,2913,3364,3246)
(3246,3346,3277,3246)
(3246,3214,3277,3246)
(3246,3214,3364,3246)
(3246,3249,3277,3246)
(3246,3249,3364,3246)
(3246,3282,3277,3246)
(3246,3282,3364,3246)
(3246,2472,3277,3246)
(3246,3170,3277,3246)
(3246,3320,3277,3246)
(3246,3320,3364,3246)
(3246,3521,3277,3246)
(3246,3521,3364,3246)
(3246,3145,3277,3246)
(3246,3145,3364,3246)
(3246,3250,3277,3246)
(3246,3486,3277,3246)
(3246,3486,3364,3246)
(3246,3419,3277,3246)
(3246,3419,3364,3246)
(3246,3252,3277,3246)
(3246,3252,3364,3246)
(3246,3089,3277,3246)
(3246,3089,3364,3246)
(3246,3350,3277,3246)
(3246,3350,3364,3246)
(3246,3279,3277,3246)
(3246,3279,3364,3246)
(3246,3235,3277,3246)
(3246,3235,3364,3246)
(3246,3274,3277,3246)
(3246,3360,3277,3246)
(3246,3360,3364,3246)
(3246,3454,3277,3246)
(3246,3454,3364,3246)
(3246,3364,3517,3246)
(3246,3364,3327,3246)
(3246,3364,3305,3246)
(3246,3364,3458,3246)
(3246,3364,3282,3246)
(3246,3364,2913,3246)
(3246,3364,3105,3246)
(3246,3364,3513,3246)
(3246,3364,3276,3246)
(3246,3364,3031,3246)
(3246,3364,3099,3246)
(3246,3364,3244,3246)
(3246,3364,3221,3246)
(3246,3364,3245,3246)
(3246,3364,3266,3246)
(3246,3364,3312,3246)
(3246,3364,3123,3246)
(3246,3364,3176,3246)
(3246,3364,3265,3246)
(3246,3364,3270,3246)
(3246,3364,3299,3246)
(3246,3364,3252,3246)
(3246,3364,3240,3246)
(3246,3364,3251,3246)
(3246,3364,3257,3246)
(3246,3364,3256,3246)
(3246,3364,3521,3246)
(3246,3364,3285,3246)
(3246,3364,3311,3246)
(3246,3364,3316,3246)
(3246,3364,2976,3246)
(3246,3364,3314,3246)
(3246,3364,3329,3246)
(3246,3364,3196,3246)
(3246,3364,3292,3246)
(3246,3364,3405,3246)
(3246,3364,3519,3246)
(3246,3364,3173,3246)
(3246,3364,3424,3246)
(3246,3364,2865,3246)
(3246,3364,3163,3246)
(3246,3364,3281,3246)
(3246,3364,3220,3246)
(3246,3364,3498,3246)
(3246,3364,3209,3246)
(3246,3364,2970,3246)
(3246,3364,3489,3246)
(3246,3364,3350,3246)
(3246,3364,3320,3246)
(3246,3364,3298,3246)
(3246,3364,3280,3246)
(3246,3364,3486,3246)
(3246,3364,3347,3246)
(3246,3364,3259,3246)
(3246,3364,2962,3246)
(3246,3364,3288,3246)
(3246,3364,2810,3246)
(3246,3364,3277,3246)
(3246,3364,3465,3246)
(3246,3364,3045,3246)
(3246,3364,3425,3246)
(3246,3364,3326,3246)
(3246,3364,3608,3246)
(3246,3364,3279,3246)
(3246,3364,3367,3246)
(3246,3364,3360,3246)
(3246,3364,3289,3246)
(3246,3364,2975,3246)
(3246,3364,3460,3246)
(3246,3364,3308,3246)
(3246,3364,3113,3246)
(3246,3364,3514,3246)
(3246,3364,443,3246)
(3246,3364,3307,3246)
(3246,3364,3634,3246)
(3246,3364,3454,3246)
(3246,3364,3255,3246)
(3246,3364,3249,3246)
(3246,3364,38,3246)
(3246,3364,3479,3246)
(3246,3364,339,3246)
(3246,3364,3040,3246)
(3246,3364,3227,3246)
(3246,3364,3419,3246)
(3246,3364,3213,3246)
(3246,3364,3334,3246)
(3246,3364,3623,3246)
(3246,3364,732,3246)
(3246,3364,9063,3246)
(3246,3364,3260,3246)
(3246,3364,3473,3246)
(3246,3364,3451,3246)
(3246,3364,608,3246)
(3246,3367,3277,3246)
(3246,3367,3364,3246)
(3246,3255,3277,3246)
(3246,3255,3364,3246)
(3246,3455,3277,3246)
(3246,3451,3277,3246)
(3246,3451,3364,3246)
(3246,3517,3277,3246)
(3246,3517,3364,3246)
(3246,3237,3277,3246)
(3246,3322,3277,3246)
(3246,3460,3277,3246)
(3246,3460,3364,3246)
(3246,3213,3277,3246)
(3246,3213,3364,3246)
(3246,3679,3277,3246)
(3246,3679,3364,3246)
(3246,3269,3277,3246)
(3246,3269,3364,3246)
(3246,3260,3364,3246)
(3246,3266,3277,3246)
(3246,3266,3364,3246)
(3246,3278,3277,3246)
(3246,3278,3364,3246)
(3246,3423,3277,3246)
(3246,2821,3277,3246)
(3246,3289,3277,3246)
(3246,3289,3364,3246)
(3246,2976,3277,3246)
(3246,2976,3364,3246)
(3246,3262,3277,3246)
(3246,3262,3364,3246)
(3246,3624,3277,3246)
(3246,3623,3277,3246)
(3246,3623,3364,3246)
(3246,9024,3277,3246)
(3246,9024,3364,3246)
(3246,2659,3277,3246)
(3246,3634,3277,3246)
(3246,3634,3364,3246)
(3246,2597,3277,3246)
(3246,2597,3364,3246)
(3246,556,3277,3246)
(3246,556,3364,3246)
(3246,608,3277,3246)
(3246,608,3364,3246)
(3246,534,719,3246)
(3246,534,3173,3246)
(3246,534,3350,3246)
(3246,534,3519,3246)
(3246,534,339,3246)
(3246,534,732,3246)
(3246,534,3260,3246)
(3246,534,3634,3246)
(3246,534,3213,3246)
(3246,534,1824,3246)
(3246,534,1820,3246)
(3246,534,2651,3246)
(3246,534,3604,3246)
(3246,534,443,3246)
(3246,534,3227,3246)
(3246,534,3473,3246)
(3246,534,38,3246)
(3246,534,3364,3246)
(3246,534,3277,3246)
(3246,534,608,3246)
(3246,38,3364,3246)
(3246,2575,3277,3246)
(3246,716,3277,3246)
(3246,716,3364,3246)
(3246,2541,3277,3246)
(3246,2541,3364,3246)
(3246,6148,1820,3246)
(3246,6148,732,3246)
(3246,6148,608,3246)
(3246,6148,38,3246)
(3246,6148,339,3246)
(3246,6148,3628,3246)
(3246,6148,3465,3246)
(3246,9063,3277,3246)
(3246,9063,3364,3246)
(3246,6688,3473,3246)
(3246,6688,608,3246)
(3246,7744,719,3246)
(3246,7744,3227,3246)
(3246,7744,3364,3246)
(3246,7744,3628,3246)
(3246,7744,3604,3246)
(3246,7744,9063,3246)
(3246,7744,608,3246)
(3246,7744,3634,3246)
(3246,7744,3260,3246)
(3246,7744,3473,3246)
(3246,7744,3277,3246)
(3246,339,3364,3246)
(3246,3628,3277,3246)
(3246,37,3277,3246)
(3246,37,3364,3246)
(3246,732,3277,3246)
(3246,732,3364,3246)
(3246,2322,3277,3246)
(3119,3322,2704,3119)
(3119,3322,3246,3119)
(3119,3073,2704,3119)
(3119,3040,2704,3119)
(3119,3040,409,3119)
(3119,3040,3246,3119)
(3119,3040,3364,3119)
(3119,3040,3487,3119)
(3119,3278,2704,3119)
(3119,3278,4046,3119)
(3119,3278,3364,3119)
(3119,3712,3364,3119)
(3119,2971,2704,3119)
(3119,3171,2704,3119)
(3119,3171,3364,3119)
(3119,2818,2704,3119)
(3119,2818,3364,3119)
(3119,2976,2704,3119)
(3119,2976,3246,3119)
(3119,2976,3364,3119)
(3119,2972,2704,3119)
(3119,2972,409,3119)
(3119,2972,4046,3119)
(3119,2972,3364,3119)
(3119,3107,2704,3119)
(3119,3107,3364,3119)
(3119,3111,2704,3119)
(3119,3111,3364,3119)
(3119,3111,3487,3119)
(3119,3166,2704,3119)
(3119,3166,3364,3119)
(3119,2810,2704,3119)
(3119,2810,3246,3119)
(3119,2810,4046,3119)
(3119,2810,3364,3119)
(3119,2810,3487,3119)
(3119,3364,4046,3119)
(3119,3364,2751,3119)
(3119,3364,3712,3119)
(3119,3364,3327,3119)
(3119,3364,3305,3119)
(3119,3364,3051,3119)
(3119,3364,3528,3119)
(3119,3364,3082,3119)
(3119,3364,3139,3119)
(3119,3364,3056,3119)
(3119,3364,3052,3119)
(3119,3364,3278,3119)
(3119,3364,3177,3119)
(3119,3364,2913,3119)
(3119,3364,2818,3119)
(3119,3364,3422,3119)
(3119,3364,3155,3119)
(3119,3364,2867,3119)
(3119,3364,3039,3119)
(3119,3364,3183,3119)
(3119,3364,3171,3119)
(3119,3364,3146,3119)
(3119,3364,3192,3119)
(3119,3364,3202,3119)
(3119,3364,3156,3119)
(3119,3364,3340,3119)
(3119,3364,3197,3119)
(3119,3364,3169,3119)
(3119,3364,3149,3119)
(3119,3364,3133,3119)
(3119,3364,3065,3119)
(3119,3364,3276,3119)
(3119,3364,3057,3119)
(3119,3364,3031,3119)
(3119,3364,3168,3119)
(3119,3364,3140,3119)
(3119,3364,3104,3119)
(3119,3364,2817,3119)
(3119,3364,3054,3119)
(3119,3364,3033,3119)
(3119,3364,3064,3119)
(3119,3364,3099,3119)
(3119,3364,3426,3119)
(3119,3364,3097,3119)
(3119,3364,2967,3119)
(3119,3364,3110,3119)
(3119,3364,3130,3119)
(3119,3364,3325,3119)
(3119,3364,3345,3119)
(3119,3364,3368,3119)
(3119,3364,3158,3119)
(3119,3364,3083,3119)
(3119,3364,3328,3119)
(3119,3364,3297,3119)
(3119,3364,3109,3119)
(3119,3364,3366,3119)
(3119,3364,3348,3119)
(3119,3364,3085,3119)
(3119,3364,3093,3119)
(3119,3364,3512,3119)
(3119,3364,3153,3119)
(3119,3364,3206,3119)
(3119,3364,3267,3119)
(3119,3364,3199,3119)
(3119,3364,3302,3119)
(3119,3364,3359,3119)
(3119,3364,3214,3119)
(3119,3364,3363,3119)
(3119,3364,3529,3119)
(3119,3364,3184,3119)
(3119,3364,3044,3119)
(3119,3364,3291,3119)
(3119,3364,3369,3119)
(3119,3364,3221,3119)
(3119,3364,3152,3119)
(3119,3364,3245,3119)
(3119,3364,3137,3119)
(3119,3364,3266,3119)
(3119,3364,3042,3119)
(3119,3364,3219,3119)
(3119,3364,3198,3119)
(3119,3364,3204,3119)
(3119,3364,2978,3119)
(3119,3364,3190,3119)
(3119,3364,3193,3119)
(3119,3364,3076,3119)
(3119,3364,2972,3119)
(3119,3364,3060,3119)
(3119,3364,3123,3119)
(3119,3364,3238,3119)
(3119,3364,3293,3119)
(3119,3364,3270,3119)
(3119,3364,3286,3119)
(3119,3364,3299,3119)
(3119,3364,3186,3119)
(3119,3364,3188,3119)
(3119,3364,3185,3119)
(3119,3364,3239,3119)
(3119,3364,3201,3119)
(3119,3364,3257,3119)
(3119,3364,3121,3119)
(3119,3364,3132,3119)
(3119,3364,3181,3119)
(3119,3364,3246,3119)
(3119,3364,3290,3119)
(3119,3364,3296,3119)
(3119,3364,3041,3119)
(3119,3364,3311,3119)
(3119,3364,3319,3119)
(3119,3364,3324,3119)
(3119,3364,3313,3119)
(3119,3364,2983,3119)
(3119,3364,3316,3119)
(3119,3364,3284,3119)
(3119,3364,3335,3119)
(3119,3364,3342,3119)
(3119,3364,3352,3119)
(3119,3364,3349,3119)
(3119,3364,3314,3119)
(3119,3364,3329,3119)
(3119,3364,3226,3119)
(3119,3364,3196,3119)
(3119,3364,3292,3119)
(3119,3364,3353,3119)
(3119,3364,3358,3119)
(3119,3364,3405,3119)
(3119,3364,2704,3119)
(3119,3364,3241,3119)
(3119,3364,3351,3119)
(3119,3364,3361,3119)
(3119,3364,3318,3119)
(3119,3364,3519,3119)
(3119,3364,3518,3119)
(3119,3364,3117,3119)
(3119,3364,3253,3119)
(3119,3364,3424,3119)
(3119,3364,3323,3119)
(3119,3364,2865,3119)
(3119,3364,3163,3119)
(3119,3364,3310,3119)
(3119,3364,3524,3119)
(3119,3364,3281,3119)
(3119,3364,3047,3119)
(3119,3364,3100,3119)
(3119,3364,3220,3119)
(3119,3364,3166,3119)
(3119,3364,3304,3119)
(3119,3364,3174,3119)
(3119,3364,3509,3119)
(3119,3364,3522,3119)
(3119,3364,3271,3119)
(3119,3364,3498,3119)
(3119,3364,3261,3119)
(3119,3364,3258,3119)
(3119,3364,3209,3119)
(3119,3364,2970,3119)
(3119,3364,3136,3119)
(3119,3364,3096,3119)
(3119,3364,3212,3119)
(3119,3364,3525,3119)
(3119,3364,3229,3119)
(3119,3364,3049,3119)
(3119,3364,3075,3119)
(3119,3364,3280,3119)
(3119,3364,3268,3119)
(3119,3364,3061,3119)
(3119,3364,3365,3119)
(3119,3364,3331,3119)
(3119,3364,3501,3119)
(3119,3364,3430,3119)
(3119,3364,3208,3119)
(3119,3364,3516,3119)
(3119,3364,3154,3119)
(3119,3364,3341,3119)
(3119,3364,2963,3119)
(3119,3364,2962,3119)
(3119,3364,3179,3119)
(3119,3364,2810,3119)
(3119,3364,3425,3119)
(3119,3364,3091,3119)
(3119,3364,3360,3119)
(3119,3364,2975,3119)
(3119,3364,3092,3119)
(3119,3364,3231,3119)
(3119,3364,3514,3119)
(3119,3364,2739,3119)
(3119,3364,3454,3119)
(3119,3364,3087,3119)
(3119,3364,3249,3119)
(3119,3364,2731,3119)
(3119,3364,3040,3119)
(3119,3364,3334,3119)
(3119,3364,409,3119)
(3119,3364,2050,3119)
(3119,3364,3230,3119)
(3119,3364,3108,3119)
(3119,3364,9260,3119)
(3119,3364,3487,3119)
(3119,3364,4317,3119)
(3119,3364,3899,3119)
(3119,3364,3404,3119)
(3119,3364,3505,3119)
(3119,3364,2977,3119)
(3119,3240,2704,3119)
(3119,3240,3246,3119)
(3119,3240,3364,3119)
(3119,3261,2704,3119)
(3119,3261,3364,3119)
(3119,2984,2704,3119)
(3119,3290,2704,3119)
(3119,3290,3364,3119)
(3119,3047,2704,3119)
(3119,3047,3364,3119)
(3119,3258,2704,3119)
(3119,3258,3364,3119)
(3119,3316,2704,3119)
(3119,3316,3246,3119)
(3119,3316,3364,3119)
(3119,3267,2704,3119)
(3119,3267,3364,3119)
(3119,3033,2704,3119)
(3119,3033,3364,3119)
(3119,3060,2704,3119)
(3119,3060,3364,3119)
(3119,3203,2704,3119)
(3119,3203,3364,3119)
(3119,3091,2704,3119)
(3119,3091,3364,3119)
(3119,3196,2704,3119)
(3119,3196,3246,3119)
(3119,3196,3364,3119)
(3119,3115,2704,3119)
(3119,3115,4046,3119)
(3119,3099,2704,3119)
(3119,3099,3246,3119)
(3119,3099,3364,3119)
(3119,3097,2704,3119)
(3119,3097,3364,3119)
(3119,3117,2704,3119)
(3119,3117,3364,3119)
(3119,3353,2704,3119)
(3119,3353,3364,3119)
(3119,3104,2704,3119)
(3119,3104,3364,3119)
(3119,3064,2704,3119)
(3119,3064,3364,3119)
(3119,3114,2704,3119)
(3119,3052,2704,3119)
(3119,3052,3364,3119)
(3119,3059,2704,3119)
(3119,3329,2704,3119)
(3119,3329,3246,3119)
(3119,3329,3364,3119)
(3119,3123,2704,3119)
(3119,3123,3246,3119)
(3119,3123,3364,3119)
(3119,3430,2704,3119)
(3119,3430,3364,3119)
(3119,3430,3487,3119)
(3119,3319,2704,3119)
(3119,3319,3364,3119)
(3119,3155,2704,3119)
(3119,3155,3364,3119)
(3119,2704,3099,3119)
(3119,2704,3196,3119)
(3119,2704,3258,3119)
(3119,2704,3091,3119)
(3119,2704,3249,3119)
(3119,2704,2963,3119)
(3119,2704,3097,3119)
(3119,2704,3104,3119)
(3119,2704,2971,3119)
(3119,2704,3092,3119)
(3119,2704,3102,3119)
(3119,2704,3041,3119)
(3119,2704,2972,3119)
(3119,2704,2967,3119)
(3119,2704,3059,3119)
(3119,2704,3052,3119)
(3119,2704,3115,3119)
(3119,2704,2970,3119)
(3119,2704,3329,3119)
(3119,2704,3123,3119)
(3119,2704,3323,3119)
(3119,2704,3319,3119)
(3119,2704,3155,3119)
(3119,2704,3190,3119)
(3119,2704,3358,3119)
(3119,2704,3292,3119)
(3119,2704,3226,3119)
(3119,2704,2865,3119)
(3119,2704,3146,3119)
(3119,2704,3139,3119)
(3119,2704,3040,3119)
(3119,2704,3121,3119)
(3119,2704,3100,3119)
(3119,2704,3334,3119)
(3119,2704,3153,3119)
(3119,2704,3133,3119)
(3119,2704,3267,3119)
(3119,2704,3241,3119)
(3119,2704,3281,3119)
(3119,2704,3144,3119)
(3119,2704,3163,3119)
(3119,2704,3351,3119)
(3119,2704,3512,3119)
(3119,2704,3361,3119)
(3119,2704,3184,3119)
(3119,2704,3318,3119)
(3119,2704,3174,3119)
(3119,2704,3310,3119)
(3119,2704,2913,3119)
(3119,2704,3341,3119)
(3119,2704,2739,3119)
(3119,2704,3231,3119)
(3119,2704,3364,3119)
(3119,2704,3368,3119)
(3119,2704,2817,3119)
(3119,2704,2050,3119)
(3119,2704,3230,3119)
(3119,2704,3304,3119)
(3119,2704,2962,3119)
(3119,2704,3447,3119)
(3119,2704,3518,3119)
(3119,2704,2975,3119)
(3119,2704,2969,3119)
(3119,2704,3514,3119)
(3119,2704,3440,3119)
(3119,2704,3424,3119)
(3119,2704,3405,3119)
(3119,2704,3528,3119)
(3119,2704,3430,3119)
(3119,2704,3519,3119)
(3119,2704,3426,3119)
(3119,2704,3501,3119)
(3119,2704,3186,3119)
(3119,2704,3442,3119)
(3119,2704,3117,3119)
(3119,2704,3327,3119)
(3119,2704,3239,3119)
(3119,2704,3509,3119)
(3119,2704,3299,3119)
(3119,2704,3516,3119)
(3119,2704,3268,3119)
(3119,2704,3422,3119)
(3119,2704,3522,3119)
(3119,2704,3221,3119)
(3119,2704,3154,3119)
(3119,2704,3525,3119)
(3119,2704,3271,3119)
(3119,2704,3031,3119)
(3119,2704,3209,3119)
(3119,2704,3498,3119)
(3119,2704,3425,3119)
(3119,2704,3214,3119)
(3119,2704,3069,3119)
(3119,2704,2751,3119)
(3119,2704,3159,3119)
(3119,2704,3360,3119)
(3119,2704,3454,3119)
(3119,2704,2820,3119)
(3119,2704,3423,3119)
(3119,2704,3261,3119)
(3119,2704,3404,3119)
(3119,2704,2977,3119)
(3119,2704,3633,3119)
(3119,2704,3680,3119)
(3119,3292,2704,3119)
(3119,3292,3246,3119)
(3119,3292,3364,3119)
(3119,3226,2704,3119)
(3119,3226,3364,3119)
(3119,3124,2704,3119)
(3119,3124,3364,3119)
(3119,3141,2704,3119)
(3119,3141,3364,3119)
(3119,3281,2704,3119)
(3119,3281,3246,3119)
(3119,3281,3364,3119)
(3119,3304,2704,3119)
(3119,3304,3364,3119)
(3119,3146,2704,3119)
(3119,3146,3364,3119)
(3119,3139,2704,3119)
(3119,3139,3364,3119)
(3119,3519,2704,3119)
(3119,3519,409,3119)
(3119,3519,3246,3119)
(3119,3519,3364,3119)
(3119,3519,3487,3119)
(3119,3121,2704,3119)
(3119,3121,3364,3119)
(3119,3518,2704,3119)
(3119,3518,3364,3119)
(3119,3424,2704,3119)
(3119,3424,3246,3119)
(3119,3424,4046,3119)
(3119,3424,3364,3119)
(3119,2865,2704,3119)
(3119,2865,3246,3119)
(3119,2865,4046,3119)
(3119,2865,3364,3119)
(3119,3138,2704,3119)
(3119,3153,2704,3119)
(3119,3153,3364,3119)
(3119,3334,2704,3119)
(3119,3334,3246,3119)
(3119,3334,3364,3119)
(3119,3334,3487,3119)
(3119,3501,2704,3119)
(3119,3501,4046,3119)
(3119,3501,3364,3119)
(3119,3133,2704,3119)
(3119,3133,3364,3119)
(3119,3163,2704,3119)
(3119,3163,3246,3119)
(3119,3163,3364,3119)
(3119,3144,2704,3119)
(3119,3144,3246,3119)
(3119,3330,2704,3119)
(3119,3330,3364,3119)
(3119,3311,2704,3119)
(3119,3311,3246,3119)
(3119,3311,4046,3119)
(3119,3311,3364,3119)
(3119,3280,2704,3119)
(3119,3280,3246,3119)
(3119,3280,3364,3119)
(3119,3058,2704,3119)
(3119,3058,3364,3119)
(3119,3352,2704,3119)
(3119,3352,3364,3119)
(3119,3299,2704,3119)
(3119,3299,3246,3119)
(3119,3299,3364,3119)
(3119,3509,2704,3119)
(3119,3509,3364,3119)
(3119,3046,2704,3119)
(3119,3175,2704,3119)
(3119,3368,2704,3119)
(3119,3368,3364,3119)
(3119,3190,2704,3119)
(3119,3190,3364,3119)
(3119,3069,2704,3119)
(3119,3320,2704,3119)
(3119,3320,409,3119)
(3119,3320,3246,3119)
(3119,3320,3364,3119)
(3119,3320,3487,3119)
(3119,3524,2704,3119)
(3119,3524,3364,3119)
(3119,3154,2704,3119)
(3119,3154,3364,3119)
(3119,3516,2704,3119)
(3119,3516,3364,3119)
(3119,3422,2704,3119)
(3119,3422,3364,3119)
(3119,3525,2704,3119)
(3119,3525,3364,3119)
(3119,3268,2704,3119)
(3119,3268,3364,3119)
(3119,3221,2704,3119)
(3119,3221,3246,3119)
(3119,3221,3364,3119)
(3119,2962,2704,3119)
(3119,2962,3246,3119)
(3119,2962,3364,3119)
(3119,2820,2704,3119)
(3119,2820,3246,3119)
(3119,2820,4046,3119)
(3119,3230,2704,3119)
(3119,3230,3364,3119)
(3119,3230,3487,3119)
(3119,1321,409,3119)
(3119,1321,3487,3119)
(3119,1693,3360,3119)
(3119,1693,3430,3119)
(3119,1693,2817,3119)
(3119,1693,3041,3119)
(3119,1693,2865,3119)
(3119,1693,3186,3119)
(3119,1693,2972,3119)
(3119,1693,3498,3119)
(3119,1693,3212,3119)
(3119,1693,3358,3119)
(3119,1693,2967,3119)
(3119,1693,3241,3119)
(3119,1693,2810,3119)
(3119,1693,3442,3119)
(3119,1693,3091,3119)
(3119,1693,3179,3119)
(3119,1693,3104,3119)
(3119,1693,3519,3119)
(3119,1693,3183,3119)
(3119,1693,3514,3119)
(3119,1693,3425,3119)
(3119,1693,2739,3119)
(3119,1693,3454,3119)
(3119,1693,3231,3119)
(3119,1693,409,3119)
(3119,1693,3423,3119)
(3119,1693,3040,3119)
(3119,1693,3334,3119)
(3119,1693,1321,3119)
(3119,1693,3087,3119)
(3119,1693,4046,3119)
(3119,1693,2731,3119)
(3119,1693,4317,3119)
(3119,1693,3230,3119)
(3119,1693,3249,3119)
(3119,1693,3364,3119)
(3119,1693,2963,3119)
(3119,1693,2969,3119)
(3119,1693,2975,3119)
(3119,1693,3108,3119)
(3119,1693,3899,3119)
(3119,1693,2050,3119)
(3119,1693,3261,3119)
(3119,1693,3487,3119)
(3119,1693,2798,3119)
(3119,1693,9260,3119)
(3119,1693,3505,3119)
(3119,1693,2977,3119)
(3119,1693,3404,3119)
(3119,1693,5238,3119)
(3119,3411,2704,3119)
(3119,3411,4046,3119)
(3119,3411,3364,3119)
(3119,3411,3487,3119)
(3119,3339,2704,3119)
(3119,3075,2704,3119)
(3119,3075,3364,3119)
(3119,3186,2704,3119)
(3119,3186,3364,3119)
(3119,3447,2704,3119)
(3119,3100,2704,3119)
(3119,3100,3364,3119)
(3119,3179,2704,3119)
(3119,3179,3364,3119)
(3119,3485,2704,3119)
(3119,2967,2704,3119)
(3119,2967,3364,3119)
(3119,2979,2704,3119)
(3119,3327,2704,3119)
(3119,3327,3246,3119)
(3119,3327,4046,3119)
(3119,3327,3364,3119)
(3119,3327,3487,3119)
(3119,3184,2704,3119)
(3119,3184,3364,3119)
(3119,3309,2704,3119)
(3119,3309,3364,3119)
(3119,3239,2704,3119)
(3119,3239,3364,3119)
(3119,3214,2704,3119)
(3119,3214,3364,3119)
(3119,3183,2704,3119)
(3119,3183,409,3119)
(3119,3183,3364,3119)
(3119,3183,3487,3119)
(3119,2970,2704,3119)
(3119,2970,3246,3119)
(3119,2970,3364,3119)
(3119,3512,2704,3119)
(3119,3512,4046,3119)
(3119,3512,3364,3119)
(3119,3440,2704,3119)
(3119,3440,409,3119)
(3119,3440,3487,3119)
(3119,3522,2704,3119)
(3119,3522,3364,3119)
(3119,3259,2704,3119)
(3119,3259,3246,3119)
(3119,3259,4046,3119)
(3119,3259,3364,3119)
(3119,2870,2704,3119)
(3119,2870,3364,3119)
(3119,2870,3487,3119)
(3119,3248,2704,3119)
(3119,3248,3364,3119)
(3119,3296,2704,3119)
(3119,3296,3364,3119)
(3119,3041,2704,3119)
(3119,3041,3364,3119)
(3119,3263,2704,3119)
(3119,3181,2704,3119)
(3119,3181,3364,3119)
(3119,3241,2704,3119)
(3119,3241,3364,3119)
(3119,3241,3487,3119)
(3119,3277,3169,3119)
(3119,3277,3305,3119)
(3119,3277,3139,3119)
(3119,3277,2971,3119)
(3119,3277,3712,3119)
(3119,3277,2818,3119)
(3119,3277,3052,3119)
(3119,3277,3056,3119)
(3119,3277,3097,3119)
(3119,3277,2810,3119)
(3119,3277,2972,3119)
(3119,3277,3174,3119)
(3119,3277,3166,3119)
(3119,3277,3091,3119)
(3119,3277,3253,3119)
(3119,3277,3102,3119)
(3119,3277,3146,3119)
(3119,3277,2751,3119)
(3119,3277,3054,3119)
(3119,3277,3041,3119)
(3119,3277,3099,3119)
(3119,3277,3033,3119)
(3119,3277,3064,3119)
(3119,3277,3123,3119)
(3119,3277,3201,3119)
(3119,3277,2817,3119)
(3119,3277,3132,3119)
(3119,3277,3267,3119)
(3119,3277,3266,3119)
(3119,3277,3246,3119)
(3119,3277,3226,3119)
(3119,3277,3196,3119)
(3119,3277,3292,3119)
(3119,3277,3329,3119)
(3119,3277,3342,3119)
(3119,3277,3316,3119)
(3119,3277,2704,3119)
(3119,3277,3311,3119)
(3119,3277,3310,3119)
(3119,3277,3278,3119)
(3119,3277,3281,3119)
(3119,3277,3323,3119)
(3119,3277,3319,3119)
(3119,3277,2865,3119)
(3119,3277,3163,3119)
(3119,3277,3144,3119)
(3119,3277,3424,3119)
(3119,3277,3115,3119)
(3119,3277,3220,3119)
(3119,3277,3351,3119)
(3119,3277,3304,3119)
(3119,3277,3518,3119)
(3119,3277,3442,3119)
(3119,3277,3202,3119)
(3119,3277,3335,3119)
(3119,3277,3349,3119)
(3119,3277,3509,3119)
(3119,3277,3183,3119)
(3119,3277,3258,3119)
(3119,3277,3153,3119)
(3119,3277,3239,3119)
(3119,3277,3229,3119)
(3119,3277,3175,3119)
(3119,3277,3171,3119)
(3119,3277,3430,3119)
(3119,3277,3299,3119)
(3119,3277,3284,3119)
(3119,3277,3154,3119)
(3119,3277,3221,3119)
(3119,3277,3046,3119)
(3119,3277,3524,3119)
(3119,3277,3261,3119)
(3119,3277,3179,3119)
(3119,3277,3516,3119)
(3119,3277,3100,3119)
(3119,3277,3109,3119)
(3119,3277,3422,3119)
(3119,3277,3184,3119)
(3119,3277,3194,3119)
(3119,3277,3501,3119)
(3119,3277,3133,3119)
(3119,3277,3117,3119)
(3119,3277,3525,3119)
(3119,3277,2820,3119)
(3119,3277,3352,3119)
(3119,3277,3280,3119)
(3119,3277,3190,3119)
(3119,3277,3186,3119)
(3119,3277,3426,3119)
(3119,3277,3075,3119)
(3119,3277,3268,3119)
(3119,3277,3092,3119)
(3119,3277,3327,3119)
(3119,3277,3209,3119)
(3119,3277,3031,3119)
(3119,3277,3341,3119)
(3119,3277,3135,3119)
(3119,3277,3069,3119)
(3119,3277,3290,3119)
(3119,3277,2963,3119)
(3119,3277,3361,3119)
(3119,3277,3214,3119)
(3119,3277,3440,3119)
(3119,3277,3358,3119)
(3119,3277,2970,3119)
(3119,3277,3512,3119)
(3119,3277,3522,3119)
(3119,3277,3155,3119)
(3119,3277,3158,3119)
(3119,3277,3447,3119)
(3119,3277,3425,3119)
(3119,3277,3248,3119)
(3119,3277,3276,3119)
(3119,3277,2983,3119)
(3119,3277,2967,3119)
(3119,3277,3296,3119)
(3119,3277,3271,3119)
(3119,3277,2969,3119)
(3119,3277,3181,3119)
(3119,3277,3241,3119)
(3119,3277,2739,3119)
(3119,3277,2962,3119)
(3119,3277,3087,3119)
(3119,3277,3454,3119)
(3119,3277,3159,3119)
(3119,3277,3231,3119)
(3119,3277,3360,3119)
(3119,3277,3423,3119)
(3119,3277,3405,3119)
(3119,3277,3514,3119)
(3119,3277,3104,3119)
(3119,3277,3519,3119)
(3119,3277,3364,3119)
(3119,3277,2975,3119)
(3119,3277,9260,3119)
(3119,3277,3487,3119)
(3119,3277,3334,3119)
(3119,3277,2977,3119)
(3119,3277,2731,3119)
(3119,3277,3249,3119)
(3119,3277,3899,3119)
(3119,3277,3040,3119)
(3119,3277,409,3119)
(3119,3277,2050,3119)
(3119,3277,3505,3119)
(3119,3277,3230,3119)
(3119,3277,1321,3119)
(3119,3277,2798,3119)
(3119,3277,3404,3119)
(3119,3277,3108,3119)
(3119,3426,2704,3119)
(3119,3426,3364,3119)
(3119,3426,3487,3119)
(3119,2963,2704,3119)
(3119,2963,3364,3119)
(3119,2964,2704,3119)
(3119,2964,3364,3119)
(3119,3106,2704,3119)
(3119,3106,3364,3119)
(3119,3092,2704,3119)
(3119,3092,3364,3119)
(3119,3454,2704,3119)
(3119,3454,3185,3119)
(3119,3454,3246,3119)
(3119,3454,3364,3119)
(3119,2975,2704,3119)
(3119,2975,3246,3119)
(3119,2975,3364,3119)
(3119,2969,2704,3119)
(3119,2969,409,3119)
(3119,2969,3246,3119)
(3119,2977,2704,3119)
(3119,2977,3364,3119)
(3119,2977,3487,3119)
(3119,9260,3364,3119)
(3119,9260,3487,3119)
(3119,3108,2704,3119)
(3119,3108,3364,3119)
(3119,3108,3487,3119)
(3119,9795,409,3119)
(3119,9795,3364,3119)
(3119,9795,3487,3119)
(3119,9676,3364,3119)
(3119,9676,3487,3119)
(3119,648,3364,3119)
(3119,648,3487,3119)
(3119,2751,2704,3119)
(3119,2751,3364,3119)
(3119,3271,2704,3119)
(3119,3271,3364,3119)
(3119,3209,2704,3119)
(3119,3209,3246,3119)
(3119,3209,4046,3119)
(3119,3209,3364,3119)
(3119,3102,2704,3119)
(3119,3425,2704,3119)
(3119,3425,409,3119)
(3119,3425,3246,3119)
(3119,3425,3364,3119)
(3119,3425,3487,3119)
(3119,3358,2704,3119)
(3119,3358,3364,3119)
(3119,3043,2704,3119)
(3119,3012,2704,3119)
(3119,3012,3364,3119)
(3119,3081,2704,3119)
(3119,3081,3364,3119)
(3119,3498,2704,3119)
(3119,3498,3246,3119)
(3119,3498,4046,3119)
(3119,3498,3364,3119)
(3119,3498,3487,3119)
(3119,3318,2704,3119)
(3119,3318,3364,3119)
(3119,3324,2704,3119)
(3119,3324,3364,3119)
(3119,3360,2704,3119)
(3119,3360,3246,3119)
(3119,3360,4046,3119)
(3119,3360,3364,3119)
(3119,3360,3487,3119)
(3119,3087,2704,3119)
(3119,3087,3364,3119)
(3119,3087,3487,3119)
(3119,3231,2704,3119)
(3119,3231,3185,3119)
(3119,3231,3364,3119)
(3119,3231,3487,3119)
(3119,3174,2704,3119)
(3119,3174,3364,3119)
(3119,3310,2704,3119)
(3119,3310,3364,3119)
(3119,2913,2704,3119)
(3119,2913,3246,3119)
(3119,2913,3364,3119)
(3119,3129,2704,3119)
(3119,3341,2704,3119)
(3119,3341,3185,3119)
(3119,3341,409,3119)
(3119,3341,3364,3119)
(3119,3341,3487,3119)
(3119,3068,2704,3119)
(3119,3385,2704,3119)
(3119,3159,2704,3119)
(3119,3126,2704,3119)
(3119,3145,2704,3119)
(3119,3145,3364,3119)
(3119,3145,3487,3119)
(3119,3195,2704,3119)
(3119,3195,3364,3119)
(3119,3070,2704,3119)
(3119,3070,3364,3119)
(3119,3326,2704,3119)
(3119,3326,3246,3119)
(3119,3326,3364,3119)
(3119,3055,2704,3119)
(3119,3294,2704,3119)
(3119,3294,3364,3119)
(3119,3531,2704,3119)
(3119,3531,409,3119)
(3119,3531,3364,3119)
(3119,3531,3487,3119)
(3119,3298,2704,3119)
(3119,3298,3246,3119)
(3119,3298,3364,3119)
(3119,3361,2704,3119)
(3119,3361,3364,3119)
(3119,3479,2704,3119)
(3119,3479,409,3119)
(3119,3479,3246,3119)
(3119,3479,3364,3119)
(3119,3479,3487,3119)
(3119,3346,2704,3119)
(3119,3346,3246,3119)
(3119,4192,409,3119)
(3119,4192,3364,3119)
(3119,4192,3487,3119)
(3119,3032,2704,3119)
(3119,3032,3364,3119)
(3119,3127,2704,3119)
(3119,3127,409,3119)
(3119,3127,3364,3119)
(3119,3127,3487,3119)
(3119,3224,2704,3119)
(3119,3224,3185,3119)
(3119,3224,409,3119)
(3119,3224,4046,3119)
(3119,3224,3364,3119)
(3119,3224,3487,3119)
(3119,3094,2704,3119)
(3119,3094,3364,3119)
(3119,3455,2704,3119)
(3119,3455,409,3119)
(3119,3455,3246,3119)
(3119,3455,4046,3119)
(3119,3455,3487,3119)
(3119,3521,2704,3119)
(3119,3521,3246,3119)
(3119,3521,4046,3119)
(3119,3521,3364,3119)
(3119,3527,2704,3119)
(3119,3148,2704,3119)
(3119,3148,4046,3119)
(3119,3499,2704,3119)
(3119,3499,3246,3119)
(3119,3499,3487,3119)
(3119,3089,2704,3119)
(3119,3089,3364,3119)
(3119,3332,2704,3119)
(3119,3332,3364,3119)
(3119,3260,2704,3119)
(3119,3260,3246,3119)
(3119,3260,4046,3119)
(3119,3260,3364,3119)
(3119,3260,3487,3119)
(3119,3262,2704,3119)
(3119,3262,3364,3119)
(3119,2965,2704,3119)
(3119,2965,3364,3119)
(3119,3243,2704,3119)
(3119,3243,3364,3119)
(3119,3216,2704,3119)
(3119,3216,3364,3119)
(3119,2968,2704,3119)
(3119,2968,3364,3119)
(3119,3071,2704,3119)
(3119,3071,409,3119)
(3119,3071,4046,3119)
(3119,3071,3364,3119)
(3119,3071,3487,3119)
(3119,3236,2704,3119)
(3119,3236,4046,3119)
(3119,3236,3364,3119)
(3119,3249,2704,3119)
(3119,3249,3185,3119)
(3119,3249,409,3119)
(3119,3249,3246,3119)
(3119,3249,4046,3119)
(3119,3249,3364,3119)
(3119,3249,3487,3119)
(3119,3461,2704,3119)
(3119,3461,4046,3119)
(3119,3461,3364,3119)
(3119,3461,3487,3119)
(3119,3255,2704,3119)
(3119,3255,3185,3119)
(3119,3255,3246,3119)
(3119,3255,3364,3119)
(3119,3255,3487,3119)
(3119,3103,2704,3119)
(3119,3103,3364,3119)
(3119,3103,3487,3119)
(3119,3217,2704,3119)
(3119,3217,3364,3119)
(3119,3250,2704,3119)
(3119,3250,3246,3119)
(3119,3362,2704,3119)
(3119,3362,3246,3119)
(3119,3510,2704,3119)
(3119,3510,3185,3119)
(3119,3510,3364,3119)
(3119,3510,3487,3119)
(3119,3312,2704,3119)
(3119,3312,3246,3119)
(3119,3312,3364,3119)
(3119,3232,2704,3119)
(3119,3232,3364,3119)
(3119,3317,2704,3119)
(3119,3317,3364,3119)
(3119,3317,3487,3119)
(3119,3303,2704,3119)
(3119,3303,3246,3119)
(3119,3303,4046,3119)
(3119,3234,2704,3119)
(3119,3234,3246,3119)
(3119,3234,4046,3119)
(3119,3517,2704,3119)
(3119,3517,3246,3119)
(3119,3517,3364,3119)
(3119,3517,3487,3119)
(3119,3451,2704,3119)
(3119,3451,3185,3119)
(3119,3451,3246,3119)
(3119,3451,3364,3119)
(3119,3451,3487,3119)
(3119,3157,2704,3119)
(3119,3157,3364,3119)
(3119,2283,3487,3119)
(3119,3213,2704,3119)
(3119,3213,409,3119)
(3119,3213,3246,3119)
(3119,3213,4046,3119)
(3119,3213,3364,3119)
(3119,3213,3487,3119)
(3119,3275,2704,3119)
(3119,3307,2704,3119)
(3119,3307,3246,3119)
(3119,3307,4046,3119)
(3119,3307,3364,3119)
(3119,3307,3487,3119)
(3119,3279,2704,3119)
(3119,3279,3185,3119)
(3119,3279,3246,3119)
(3119,3279,4046,3119)
(3119,3279,3364,3119)
(3119,3279,3487,3119)
(3119,3066,2704,3119)
(3119,2916,2704,3119)
(3119,2916,3185,3119)
(3119,2916,3364,3119)
(3119,2916,3487,3119)
(3119,3308,2704,3119)
(3119,3308,3185,3119)
(3119,3308,409,3119)
(3119,3308,3246,3119)
(3119,3308,4046,3119)
(3119,3308,3364,3119)
(3119,3308,3487,3119)
(3119,3482,2704,3119)
(3119,3482,3185,3119)
(3119,3482,3246,3119)
(3119,3513,2704,3119)
(3119,3513,3185,3119)
(3119,3513,3246,3119)
(3119,3513,4046,3119)
(3119,3513,3364,3119)
(3119,3176,2704,3119)
(3119,3176,3185,3119)
(3119,3176,409,3119)
(3119,3176,3246,3119)
(3119,3176,3364,3119)
(3119,3474,2704,3119)
(3119,3474,3185,3119)
(3119,3474,3246,3119)
(3119,3474,4046,3119)
(3119,3474,3487,3119)
(3119,3170,2704,3119)
(3119,3170,3185,3119)
(3119,3170,3246,3119)
(3119,3486,2704,3119)
(3119,3486,3246,3119)
(3119,3486,3364,3119)
(3119,3252,2704,3119)
(3119,3252,3246,3119)
(3119,3252,3364,3119)
(3119,3235,2704,3119)
(3119,3235,4046,3119)
(3119,3235,3364,3119)
(3119,3344,2704,3119)
(3119,3344,3246,3119)
(3119,3344,4046,3119)
(3119,3344,3487,3119)
(3119,3237,2704,3119)
(3119,3237,3246,3119)
(3119,3237,4046,3119)
(3119,3063,2704,3119)
(3119,2960,2704,3119)
(3119,2960,3185,3119)
(3119,2960,3364,3119)
(3119,2960,3487,3119)
(3119,3045,2704,3119)
(3119,3045,3185,3119)
(3119,3045,3246,3119)
(3119,3045,4046,3119)
(3119,3045,3364,3119)
(3119,3045,3487,3119)
(3119,3113,2704,3119)
(3119,3113,3185,3119)
(3119,3113,3246,3119)
(3119,3113,4046,3119)
(3119,3113,3364,3119)
(3119,2821,2704,3119)
(3119,2821,3185,3119)
(3119,2821,3246,3119)
(3119,2821,4046,3119)
(3119,2821,3487,3119)
(3119,3423,2704,3119)
(3119,3423,3246,3119)
(3119,3423,4046,3119)
(3119,4442,4046,3119)
(3119,4442,3487,3119)
(3119,17,3364,3119)
(3119,17,3487,3119)
(3119,3588,2704,3119)
(3119,732,2704,3119)
(3119,732,3680,3119)
(3119,732,3185,3119)
(3119,732,409,3119)
(3119,732,3246,3119)
(3119,732,3364,3119)
(3119,732,3487,3119)
(3119,4083,3680,3119)
(3119,4083,3246,3119)
(3119,4083,3487,3119)
(3119,3452,2704,3119)
(3119,3452,3680,3119)
(3119,3452,3487,3119)
(3119,3594,2704,3119)
(3119,13,4046,3119)
(3119,13,3364,3119)
(3119,13,3487,3119)
(3119,3597,2704,3119)
(3119,3487,3430,3119)
(3119,3487,3440,3119)
(3119,3487,3360,3119)
(3119,3487,3284,3119)
(3119,3487,3238,3119)
(3119,3487,3109,3119)
(3119,3487,3281,3119)
(3119,3487,3033,3119)
(3119,3487,3509,3119)
(3119,3487,3208,3119)
(3119,3487,3115,3119)
(3119,3487,3498,3119)
(3119,3487,2704,3119)
(3119,3487,3075,3119)
(3119,3487,3358,3119)
(3119,3487,3426,3119)
(3119,3487,3212,3119)
(3119,3487,3158,3119)
(3119,3487,3130,3119)
(3119,3487,3188,3119)
(3119,3487,3319,3119)
(3119,3487,3241,3119)
(3119,3487,3519,3119)
(3119,3487,3514,3119)
(3119,3487,3327,3119)
(3119,3487,3087,3119)
(3119,3487,2810,3119)
(3119,3487,2739,3119)
(3119,3487,3249,3119)
(3119,3487,3425,3119)
(3119,3487,9260,3119)
(3119,3487,5238,3119)
(3119,3487,3231,3119)
(3119,3487,3899,3119)
(3119,3487,3341,3119)
(3119,3487,2731,3119)
(3119,3487,4046,3119)
(3119,3487,3040,3119)
(3119,3487,3334,3119)
(3119,3487,3108,3119)
(3119,3487,3364,3119)
(3119,3487,4317,3119)
(3119,3487,3230,3119)
(3119,3487,2050,3119)
(3119,3487,1321,3119)
(3119,3487,409,3119)
(3119,3487,3404,3119)
(3119,3487,2977,3119)
(3119,3487,3505,3119)
(3119,697,3364,3119)
(3119,697,3487,3119)
(3119,5,2704,3119)
(3119,5,409,3119)
(3119,5,3246,3119)
(3119,5,4046,3119)
(3119,5,3487,3119)
(3119,3495,2704,3119)
(3119,3495,3364,3119)
(3119,3495,3487,3119)
(3119,4350,3487,3119)
(3119,4208,4046,3119)
(3119,4208,3487,3119)
(3119,2659,409,3119)
(3119,2659,3246,3119)
(3119,2659,3487,3119)
(3119,9024,4046,3119)
(3119,9024,3364,3119)
(3119,9024,3487,3119)
(3119,3680,2704,3119)
(3119,3678,2704,3119)
(3119,3678,3680,3119)
(3119,3678,409,3119)
(3119,3678,3487,3119)
(3119,3679,2704,3119)
(3119,3679,409,3119)
(3119,3679,3364,3119)
(3119,3665,2704,3119)
(3119,3653,2704,3119)
(3119,3653,3364,3119)
(3119,3633,2704,3119)
(3119,1948,3680,3119)
(3119,1806,2704,3119)
(3119,1806,3246,3119)
(3119,1820,3246,3119)
(3119,1820,3487,3119)
(3119,1824,2704,3119)
(3119,1824,3633,3119)
(3119,1824,409,3119)
(3119,1824,3246,3119)
(3119,1824,3487,3119)
(3119,3620,2704,3119)
(3119,3620,409,3119)
(3119,3616,2704,3119)
(3119,3609,2704,3119)
(3119,3609,3364,3119)
(3119,3609,3487,3119)
(3119,711,2704,3119)
(3119,3605,2704,3119)
(3119,3624,2704,3119)
(3119,3624,3246,3119)
(3119,3624,3487,3119)
(3119,2575,3487,3119)
(3119,3628,2704,3119)
(3119,3628,3680,3119)
(3119,3628,409,3119)
(3119,3628,3246,3119)
(3119,3628,3487,3119)
(3119,556,3364,3119)
(3119,556,3487,3119)
(3119,2597,409,3119)
(3119,2597,3364,3119)
(3119,2597,3487,3119)
(3119,608,2704,3119)
(3119,608,3633,3119)
(3119,608,3680,3119)
(3119,608,3246,3119)
(3119,608,4046,3119)
(3119,608,3364,3119)
(3119,608,3487,3119)
(3119,2541,409,3119)
(3119,2541,3364,3119)
(3119,2541,3487,3119)
(3119,716,2704,3119)
(3119,716,3364,3119)
(3119,6148,3108,3119)
(3119,6148,5238,3119)
(3119,6148,3505,3119)
(3119,6148,2977,3119)
(3119,9063,3633,3119)
(3119,9063,3246,3119)
(3119,9063,3364,3119)
(3119,9063,3487,3119)
(3119,7847,3487,3119)
(3119,8017,3487,3119)
(3119,3623,2704,3119)
(3119,3623,3246,3119)
(3119,3623,3364,3119)
(3119,3623,3487,3119)
(3119,6688,3404,3119)
(3119,6688,9260,3119)
(3119,6688,2977,3119)
(3119,7744,5238,3119)
(3119,7744,3230,3119)
(3119,7744,409,3119)
(3119,7744,3404,3119)
(3119,7744,3364,3119)
(3119,7744,3487,3119)
(3119,7744,9260,3119)
(3119,7744,3899,3119)
(3119,7744,2977,3119)
(3119,7930,4046,3119)
(3119,339,3633,3119)
(3119,339,3246,3119)
(3119,339,3364,3119)
(3119,339,3487,3119)
(3119,534,3033,3119)
(3119,534,3104,3119)
(3119,534,3519,3119)
(3119,534,4317,3119)
(3119,534,3505,3119)
(3119,534,5238,3119)
(3119,534,3487,3119)
(3119,534,409,3119)
(3119,534,3108,3119)
(3119,534,2050,3119)
(3119,534,3899,3119)
(3119,534,3364,3119)
(3119,534,9260,3119)
(3119,534,2977,3119)
(3119,731,3633,3119)
(3119,731,4046,3119)
(3119,731,3364,3119)
(3119,731,3487,3119)
(3119,38,3633,3119)
(3119,38,409,3119)
(3119,38,3246,3119)
(3119,38,4046,3119)
(3119,38,3364,3119)
(3119,38,3487,3119)
(5457,9267,3682,5457)
(5457,6215,3682,5457)
(5457,6215,6811,5457)
(5457,4619,3682,5457)
(5457,4619,6811,5457)
(5457,4153,3682,5457)
(5457,5652,3682,5457)
(5457,6304,3682,5457)
(5457,6304,6811,5457)
(5457,6302,3682,5457)
(5457,6302,6811,5457)
(5457,7139,3682,5457)
(5457,7139,6811,5457)
(5457,8690,3682,5457)
(5457,8690,6811,5457)
(5457,6767,3682,5457)
(5457,7162,3682,5457)
(5457,7162,6811,5457)
(5457,7168,3682,5457)
(5457,9972,3682,5457)
(5457,9972,6811,5457)
(5457,9902,3682,5457)
(5457,9902,6811,5457)
(5457,6756,3682,5457)
(5457,5952,3682,5457)
(5457,5138,3682,5457)
(5457,3979,3682,5457)
(5457,3979,6811,5457)
(5457,5617,3682,5457)
(5457,5617,6811,5457)
(5457,7531,3682,5457)
(5457,7531,6811,5457)
(5457,5346,3682,5457)
(5457,5346,6811,5457)
(5457,5055,3682,5457)
(5457,6811,3979,5457)
(5457,6811,4309,5457)
(5457,6811,8162,5457)
(5457,6811,5341,5457)
(5457,6811,6302,5457)
(5457,6811,4773,5457)
(5457,6811,7725,5457)
(5457,6811,5475,5457)
(5457,6811,8863,5457)
(5457,6811,8634,5457)
(5457,6811,4098,5457)
(5457,6811,3682,5457)
(5457,6811,8866,5457)
(5457,6811,5944,5457)
(5457,6811,3962,5457)
(5457,6811,6928,5457)
(5457,6811,7805,5457)
(5457,6811,6083,5457)
(5457,6811,7665,5457)
(5457,6811,6831,5457)
(5457,6811,7662,5457)
(5457,6811,9911,5457)
(5457,6811,4361,5457)
(5457,6811,6990,5457)
(5457,6811,6592,5457)
(5457,6811,8729,5457)
(5457,6811,2597,5457)
(5457,6811,9574,5457)
(5457,6811,9699,5457)
(5457,6811,4465,5457)
(5457,6811,4812,5457)
(5457,6811,9586,5457)
(5457,6811,7162,5457)
(5457,6811,4328,5457)
(5457,6811,9974,5457)
(5457,6811,6738,5457)
(5457,6811,6030,5457)
(5457,4022,3682,5457)
(5457,8677,3682,5457)
(5457,6103,3682,5457)
(5457,6103,6811,5457)
(5457,6485,3682,5457)
(5457,4039,3682,5457)
(5457,6240,3682,5457)
(5457,6787,3682,5457)
(5457,6690,3682,5457)
(5457,6603,3682,5457)
(5457,6782,3682,5457)
(5457,7636,3682,5457)
(5457,4908,3682,5457)
(5457,4908,6811,5457)
(5457,6390,3682,5457)
(5457,6390,6148,5457)
(5457,6390,6811,5457)
(5457,6341,3682,5457)
(5457,5261,3682,5457)
(5457,5261,6811,5457)
(5457,9996,3682,5457)
(5457,6892,3682,5457)
(5457,7228,3682,5457)
(5457,7228,6811,5457)
(5457,8411,3682,5457)
(5457,6226,3682,5457)
(5457,6226,6811,5457)
(5457,9885,3682,5457)
(5457,8339,3682,5457)
(5457,8339,6811,5457)
(5457,4832,3682,5457)
(5457,8274,3682,5457)
(5457,6958,3682,5457)
(5457,6478,3682,5457)
(5457,4442,3682,5457)
(5457,4442,6811,5457)
(5457,5255,3682,5457)
(5457,7725,3682,5457)
(5457,7725,6811,5457)
(5457,8162,3682,5457)
(5457,8162,6811,5457)
(5457,4400,3682,5457)
(5457,4400,6148,5457)
(5457,9948,3682,5457)
(5457,4687,3682,5457)
(5457,4687,6811,5457)
(5457,6590,3682,5457)
(5457,6590,6811,5457)
(5457,9803,3682,5457)
(5457,8163,3682,5457)
(5457,8163,6811,5457)
(5457,9586,3682,5457)
(5457,9586,6811,5457)
(5457,7390,3682,5457)
(5457,3733,3682,5457)
(5457,8060,3682,5457)
(5457,8060,6811,5457)
(5457,6477,3682,5457)
(5457,6477,6811,5457)
(5457,8823,3682,5457)
(5457,8823,6811,5457)
(5457,8729,3682,5457)
(5457,8729,6811,5457)
(5457,3809,3682,5457)
(5457,8924,3682,5457)
(5457,8924,6811,5457)
(5457,7744,8691,5457)
(5457,7744,9911,5457)
(5457,7744,7805,5457)
(5457,7744,6592,5457)
(5457,7744,7006,5457)
(5457,7744,5475,5457)
(5457,7744,6928,5457)
(5457,7744,3628,5457)
(5457,7744,5944,5457)
(5457,7744,8729,5457)
(5457,7744,151,5457)
(5457,7744,6501,5457)
(5457,7744,7209,5457)
(5457,7744,4628,5457)
(5457,7744,9063,5457)
(5457,7744,6831,5457)
(5457,7744,4309,5457)
(5457,7744,6474,5457)
(5457,7744,6787,5457)
(5457,7744,6603,5457)
(5457,7744,4153,5457)
(5457,7744,9699,5457)
(5457,7744,8866,5457)
(5457,7744,7373,5457)
(5457,7744,8162,5457)
(5457,7744,8863,5457)
(5457,7744,9437,5457)
(5457,7744,6738,5457)
(5457,7744,6444,5457)
(5457,7744,3682,5457)
(5457,7744,4022,5457)
(5457,7744,2597,5457)
(5457,7744,4328,5457)
(5457,7744,9267,5457)
(5457,7744,6990,5457)
(5457,7744,9974,5457)
(5457,7744,6811,5457)
(5457,7744,7636,5457)
(5457,7930,3682,5457)
(5457,7930,6811,5457)
(5457,6688,6485,5457)
(5457,6688,8634,5457)
(5457,6688,4773,5457)
(5457,6688,8162,5457)
(5457,6688,3682,5457)
(5457,6688,6831,5457)
(5457,6688,8863,5457)
(5457,6688,6083,5457)
(5457,6688,6787,5457)
(5457,6688,6474,5457)
(5457,6688,7662,5457)
(5457,6688,9911,5457)
(5457,6688,9574,5457)
(5457,6688,4328,5457)
(5457,6688,9437,5457)
(5457,6688,6592,5457)
(5457,6688,4309,5457)
(5457,6688,9843,5457)
(5457,6688,4361,5457)
(5457,6688,7636,5457)
(5457,6688,9267,5457)
(5457,6688,6958,5457)
(5457,6688,8729,5457)
(5457,6688,9586,5457)
(5457,6688,4465,5457)
(5457,6688,8866,5457)
(5457,6688,4812,5457)
(5457,6688,9974,5457)
(5457,6688,6990,5457)
(5457,6688,2597,5457)
(5457,6688,6776,5457)
(5457,6688,7665,5457)
(5457,6688,9699,5457)
(5457,6688,7162,5457)
(5457,6688,9623,5457)
(5457,6688,7209,5457)
(5457,6688,6738,5457)
(5457,6688,6811,5457)
(5457,6688,6030,5457)
(5457,7847,3682,5457)
(5457,8017,3682,5457)
(5457,5918,3682,5457)
(5457,9063,3682,5457)
(5457,4381,3682,5457)
(5457,7737,3682,5457)
(5457,6148,8866,5457)
(5457,6148,3628,5457)
(5457,6148,3682,5457)
(5457,6183,3682,5457)
(5457,6183,6811,5457)
(5457,1266,3682,5457)
(5457,5980,3682,5457)
(5457,5980,6811,5457)
(5457,3628,3682,5457)
(5457,7743,3682,5457)
(5457,9699,3682,5457)
(5457,9699,6811,5457)
(5457,7649,3682,5457)
(5457,7649,6811,5457)
(5457,7027,3682,5457)
(5457,7027,6811,5457)
(5457,5047,3682,5457)
(5457,5047,6811,5457)
(5457,5919,3682,5457)
(5457,5919,6811,5457)
(5457,5366,3682,5457)
(5457,5596,3682,5457)
(5457,3962,3682,5457)
(5457,3962,6811,5457)
(5457,3695,3682,5457)
(5457,4328,3682,5457)
(5457,4328,6811,5457)
(5457,6396,3682,5457)
(5457,6396,6811,5457)
(5457,4494,3682,5457)
(5457,4494,6811,5457)
(5457,4784,3682,5457)
(5457,7158,3682,5457)
(5457,7314,3682,5457)
(5457,7665,3682,5457)
(5457,7665,6811,5457)
(5457,5153,3682,5457)
(5457,5619,3682,5457)
(5457,5475,3682,5457)
(5457,5475,6811,5457)
(5457,4812,3682,5457)
(5457,4812,6811,5457)
(5457,6060,3682,5457)
(5457,6060,6811,5457)
(5457,4773,3682,5457)
(5457,4773,6811,5457)
(5457,7978,3682,5457)
(5457,4767,3682,5457)
(5457,5418,3682,5457)
(5457,7290,3682,5457)
(5457,7290,6811,5457)
(5457,5404,3682,5457)
(5457,4762,3682,5457)
(5457,4762,6811,5457)
(5457,6990,3682,5457)
(5457,6990,6811,5457)
(5457,8021,3682,5457)
(5457,6738,3682,5457)
(5457,6738,6811,5457)
(5457,4768,3682,5457)
(5457,8691,3682,5457)
(5457,4628,3682,5457)
(5457,9276,3682,5457)
(5457,6822,3682,5457)
(5457,6822,6811,5457)
(5457,8180,3682,5457)
(5457,8180,6811,5457)
(5457,6831,3682,5457)
(5457,6831,6811,5457)
(5457,3926,3682,5457)
(5457,3926,6811,5457)
(5457,6611,3682,5457)
(5457,6474,3682,5457)
(5457,8866,3682,5457)
(5457,8866,6811,5457)
(5457,7896,3682,5457)
(5457,6686,3682,5457)
(5457,9625,3682,5457)
(5457,9990,3682,5457)
(5457,8629,3682,5457)
(5457,6444,3682,5457)
(5457,6083,3682,5457)
(5457,6083,6811,5457)
(5457,9574,3682,5457)
(5457,9574,6811,5457)
(5457,4098,3682,5457)
(5457,4098,6811,5457)
(5457,8200,3682,5457)
(5457,7373,3682,5457)
(5457,6592,3682,5457)
(5457,6592,6811,5457)
(5457,9882,3682,5457)
(5457,7349,3682,5457)
(5457,5944,3682,5457)
(5457,5944,6811,5457)
(5457,6928,3682,5457)
(5457,6928,6811,5457)
(5457,9836,3682,5457)
(5457,3682,5655,5457)
(5457,3682,3733,5457)
(5457,3682,3628,5457)
(5457,3682,3962,5457)
(5457,3682,4442,5457)
(5457,3682,4022,5457)
(5457,3682,3979,5457)
(5457,3682,4477,5457)
(5457,3682,4098,5457)
(5457,3682,3695,5457)
(5457,3682,9843,5457)
(5457,3682,4325,5457)
(5457,3682,4361,5457)
(5457,3682,4400,5457)
(5457,3682,4768,5457)
(5457,3682,4773,5457)
(5457,3682,4628,5457)
(5457,3682,4832,5457)
(5457,3682,3809,5457)
(5457,3682,5341,5457)
(5457,3682,5366,5457)
(5457,3682,5138,5457)
(5457,3682,5404,5457)
(5457,3682,5055,5457)
(5457,3682,6302,5457)
(5457,3682,5255,5457)
(5457,3682,5475,5457)
(5457,3682,5531,5457)
(5457,3682,4812,5457)
(5457,3682,5619,5457)
(5457,3682,4494,5457)
(5457,3682,7006,5457)
(5457,3682,6083,5457)
(5457,3682,6148,5457)
(5457,3682,6485,5457)
(5457,3682,7068,5457)
(5457,3682,6474,5457)
(5457,3682,6592,5457)
(5457,3682,6611,5457)
(5457,3682,6603,5457)
(5457,3682,6501,5457)
(5457,3682,6828,5457)
(5457,3682,6690,5457)
(5457,3682,8162,5457)
(5457,3682,6738,5457)
(5457,3682,6776,5457)
(5457,3682,6767,5457)
(5457,3682,7349,5457)
(5457,3682,6787,5457)
(5457,3682,6030,5457)
(5457,3682,6831,5457)
(5457,3682,6811,5457)
(5457,3682,6444,5457)
(5457,3682,6958,5457)
(5457,3682,6990,5457)
(5457,3682,7725,5457)
(5457,3682,8200,5457)
(5457,3682,7896,5457)
(5457,3682,7665,5457)
(5457,3682,9267,5457)
(5457,3682,8629,5457)
(5457,3682,8604,5457)
(5457,3682,8691,5457)
(5457,3682,8729,5457)
(5457,3682,6928,5457)
(5457,3682,8863,5457)
(5457,3682,8866,5457)
(5457,3682,9063,5457)
(5457,3682,6396,5457)
(5457,3682,9437,5457)
(5457,3682,7209,5457)
(5457,3682,9882,5457)
(5457,3682,9574,5457)
(5457,3682,9625,5457)
(5457,3682,9586,5457)
(5457,3682,9974,5457)
(5457,3682,9699,5457)
(5457,3682,9990,5457)
(5457,3682,7805,5457)
(5457,3682,9911,5457)
(5457,3682,4465,5457)
(5457,3682,7162,5457)
(5457,3682,2597,5457)
(5457,3682,9623,5457)
(5457,4325,3682,5457)
(5457,6501,3682,5457)
(5457,6778,3682,5457)
(5457,6195,3682,5457)
(5457,7805,3682,5457)
(5457,7805,6811,5457)
(5457,7068,3682,5457)
(5457,6780,3682,5457)
(5457,6030,3682,5457)
(5457,6030,6811,5457)
(5457,6828,3682,5457)
(5457,9623,3682,5457)
(5457,6287,3682,5457)
(5457,2597,3682,5457)
(5457,2597,6811,5457)
(5457,9974,3682,5457)
(5457,9974,6811,5457)
(5457,7209,3682,5457)
(5457,6776,3682,5457)
(5457,6776,6811,5457)
